(1,2) 4697.381647 6.015580 
4697.381647 
(1,3) 8237.489674 4.147343 
8237.489674 
(2,1) 4715.471597 6.015822 
4715.471597 
(2,6) 4483.765944 13.025341 
4483.765944 
(3,1) 8219.399724 4.146053 
8219.399724 
(3,4) 16648.377627 4.537757 
16648.377627 
(3,12) 9135.335036 4.013929 
9135.335036 
(4,3) 16633.479142 4.535834 
16633.479142 
(4,5) 19187.080283 8.505442 
19187.080283 
(4,11) 7061.297344 67.658035 
7061.297344 
(5,4) 19253.102635 8.595446 
19253.102635 
(5,6) 8848.679362 10.136884 
8848.679362 
(5,9) 16624.785218 96.665396 
16624.785218 
(6,2) 4501.855894 13.155641 
4501.855894 
(6,5) 8866.877850 10.187525 
8866.877850 
(6,8) 11346.061009 140.145952 
11346.061009 
(7,8) 17265.910154 13.575596 
17265.910154 
(7,18) 20313.969899 4.724578 
20313.969899 
(8,6) 11382.349447 141.921794 
11382.349447 
(8,7) 17213.969899 13.448913 
17213.969899 
(8,9) 5891.771494 54.459325 
5891.771494 
(8,16) 5495.979859 21.890164 
5495.979859 
(9,5) 16672.609083 97.724717 
16672.609083 
(9,8) 5863.888748 53.623667 
5863.888748 
(9,10) 18760.896470 26.785680 
18760.896470 
(10,9) 18880.837589 27.399799 
18880.837589 
(10,11) 29955.933559 65.393848 
29955.933559 
(10,15) 26499.718198 19.314620 
26499.718198 
(10,16) 14262.720605 48.692357 
14262.720605 
(10,17) 6918.159581 78.735853 
6918.159581 
(11,4) 7080.376507 68.327124 
7080.376507 
(11,10) 29819.701915 64.302698 
29819.701915 
(11,12) 14619.860920 76.811642 
14619.860920 
(11,14) 11555.696132 22.919072 
11555.696132 
(12,3) 9132.143572 4.013910 
9132.143572 
(12,11) 14570.024608 75.851034 
14570.024608 
(12,13) 14755.195957 3.758403 
14755.195957 
(13,12) 14802.168180 3.768106 
14802.168180 
(13,24) 6453.755725 28.786861 
6453.755725 
(14,11) 11588.379962 23.134023 
11588.379962 
(14,15) 7817.631579 69.841122 
7817.631579 
(14,23) 8751.464248 9.983056 
8751.464248 
(15,10) 26608.536777 19.534672 
26608.536777 
(15,14) 7854.252625 71.064657 
7854.252625 
(15,19) 19271.635622 25.069591 
19271.635622 
(15,22) 19032.314460 9.954122 
19032.314460 
(16,8) 5508.210787 22.041018 
5508.210787 
(16,10) 14296.727476 49.120127 
14296.727476 
(16,17) 8702.093034 38.792495 
8702.093034 
(16,18) 22050.031170 3.709183 
22050.031170 
(17,10) 6931.506895 79.283322 
6931.506895 
(17,16) 8689.432577 38.578848 
8689.432577 
(17,19) 7779.060528 34.459240 
7779.060528 
(18,7) 20365.910154 4.752550 
20365.910154 
(18,16) 22108.929426 3.716790 
22108.929426 
(18,20) 20884.121016 10.087161 
20884.121016 
(19,15) 19314.558113 25.266866 
19314.558113 
(19,17) 7779.747385 34.470706 
7779.747385 
(19,20) 10978.344550 17.915952 
10978.344550 
(20,18) 20894.959527 10.099807 
20894.959527 
(20,19) 11021.953898 18.138387 
11021.953898 
(20,21) 10069.904966 20.117963 
10069.904966 
(20,22) 2313.181609 33.447071 
2313.181609 
(21,20) 10031.117286 19.901695 
10031.117286 
(21,22) 12964.711043 13.329109 
12964.711043 
(21,24) 1105.193923 160.818906 
1105.193923 
(22,15) 19034.831595 9.957801 
19034.831595 
(22,20) 2306.417148 33.115776 
2306.417148 
(22,21) 12931.635349 13.213939 
12931.635349 
(22,23) 8129.661362 71.093591 
8129.661362 
(23,14) 8747.527031 9.972296 
8747.527031 
(23,22) 8092.338342 69.869952 
8092.338342 
(23,24) 6339.610120 76.395496 
6339.610120 
(24,13) 6400.727949 27.982194 
6400.727949 
(24,21) 1099.481937 157.581483 
1099.481937 
(24,23) 6298.349883 74.477561 
6298.349883 
