(1,2) 4084.553845 6.000557 
4084.553845 
(1,3) 9498.046782 4.260428 
9498.046782 
(2,1) 4098.046782 6.000564 
4098.046782 
(2,6) 4301.953218 11.800714 
4301.953218 
(3,1) 9484.553845 4.258951 
9484.553845 
(3,4) 10698.046782 176.147166 
10698.046782 
(3,12) 0.000000 9999.000000 
0.000000 
(4,3) 10684.553845 175.280324 
10684.553845 
(4,5) 17373.155175 6.372764 
17373.155175 
(4,11) 11356.817200 418.551549 
11356.817200 
(5,4) 17441.371046 6.441848 
17441.371046 
(5,6) 8071.602610 180.089167 
8071.602610 
(5,9) 16723.024595 98.851358 
16723.024595 
(6,2) 4315.446155 11.886437 
4315.446155 
(6,5) 8081.795013 180.980278 
8081.795013 
(6,8) 9252.083798 63.082378 
9252.083798 
(7,8) 12100.000000 5.550871 
12100.000000 
(7,18) 0.000000 9999.000000 
0.000000 
(8,6) 9275.769137 63.710268 
9275.769137 
(8,7) 12100.000000 5.550871 
12100.000000 
(8,9) 9002.611915 252.355791 
9002.611915 
(8,16) 12817.546290 504.658086 
12817.546290 
(9,5) 16781.048063 100.160688 
16781.048063 
(9,8) 8997.234224 251.777227 
8997.234224 
(9,10) 33725.636509 251.394427 
33725.636509 
(10,9) 33878.282287 255.922088 
33878.282287 
(10,11) 18444.049107 165.840874 
18444.049107 
(10,15) 27741.956165 21.992343 
27741.956165 
(10,16) 13520.068128 40.086044 
13520.068128 
(10,17) 6821.913640 74.880908 
6821.913640 
(11,4) 11375.108392 421.215785 
11375.108392 
(11,10) 18363.676392 163.055593 
18363.676392 
(11,12) 16301.616128 115.459723 
16301.616128 
(11,14) 11407.359851 21.966188 
11407.359851 
(12,3) 0.000000 9999.000000 
0.000000 
(12,11) 16308.844075 115.653985 
16308.844075 
(12,13) 10794.821982 3.217261 
10794.821982 
(13,12) 10902.049929 3.226023 
10902.049929 
(13,24) 9591.155925 124.908058 
9591.155925 
(14,11) 11438.050381 22.160316 
11438.050381 
(14,15) 9767.980396 163.040661 
9767.980396 
(14,23) 9236.221564 11.422967 
9236.221564 
(15,10) 27820.939931 22.175248 
27820.939931 
(15,14) 9811.430402 165.871470 
9811.430402 
(15,19) 17006.296914 16.383171 
17006.296914 
(15,22) 19954.559401 11.403195 
19954.559401 
(16,8) 12846.609321 509.205303 
12846.609321 
(16,10) 13566.300840 40.582176 
13566.300840 
(16,17) 8678.584663 38.396529 
8678.584663 
(16,18) 20604.450383 3.540711 
20604.450383 
(17,10) 6829.715656 75.187392 
6829.715656 
(17,16) 8669.557452 38.245331 
8669.557452 
(17,19) 7900.726892 36.538060 
7900.726892 
(18,7) 0.000000 9999.000000 
0.000000 
(18,16) 20688.773336 3.549617 
20688.773336 
(18,20) 19504.450383 9.110559 
19504.450383 
(19,15) 17042.018830 16.495971 
17042.018830 
(19,17) 7899.501696 36.516642 
7899.501696 
(19,20) 10203.152523 14.382526 
10203.152523 
(20,18) 19488.773336 9.094148 
19488.773336 
(20,19) 10237.649244 14.523652 
10237.649244 
(20,21) 9147.272387 15.612514 
9147.272387 
(20,22) 5336.311235 19.660981 
5336.311235 
(21,20) 9089.346805 15.371330 
9089.346805 
(21,22) 8452.231589 4.046586 
8452.231589 
(21,24) 10655.937929 165.972303 
10655.937929 
(22,15) 19941.271257 11.380834 
19941.271257 
(22,20) 5313.056490 19.407086 
5313.056490 
(22,21) 8444.210929 4.038828 
8444.210929 
(22,23) 10131.765362 165.857083 
10131.765362 
(23,14) 9223.462089 11.382034 
9223.462089 
(23,22) 10087.201813 163.028168 
10087.201813 
(23,24) 8301.741816 4.142168 
8301.741816 
(24,13) 9598.383872 125.272939 
9598.383872 
(24,21) 10606.033007 162.940692 
10606.033007 
(24,23) 8244.418791 4.083611 
8244.418791 
