(1,2) 3264.099319 6.000227 
3264.099319 
(1,3) 10135.900681 4.337753 
10135.900681 
(2,1) 2683.014973 6.000104 
2683.014973 
(2,6) 2464.099319 27.176259 
2464.099319 
(3,1) 10716.985027 4.422124 
10716.985027 
(3,4) 12032.779606 4.146745 
12032.779606 
(3,12) 11874.731133 4.039767 
11874.731133 
(4,3) 11557.762751 4.124909 
11557.762751 
(4,5) 14124.238784 3.910299 
14124.238784 
(4,11) 8429.986527 131.244656 
8429.986527 
(5,4) 13239.831274 3.474929 
13239.831274 
(5,6) 11358.486802 20.661573 
11358.486802 
(5,9) 8319.924597 152.235094 
8319.924597 
(6,2) 1883.014973 33.254263 
1883.014973 
(6,5) 12335.650561 27.178339 
12335.650561 
(6,8) 11622.586120 154.113864 
11622.586120 
(7,8) 13055.253086 96.317831 
13055.253086 
(7,18) 17876.534958 3.634005 
17876.534958 
(8,6) 12018.665533 175.933287 
12018.665533 
(8,7) 12776.534958 88.600402 
12776.534958 
(8,9) 6338.565566 69.558429 
6338.565566 
(8,16) 0.000000 9999.000000 
0.000000 
(9,5) 6458.353327 218.493939 
6458.353327 
(9,8) 6455.926851 74.093456 
6455.926851 
(9,10) 21458.490163 43.709697 
21458.490163 
(10,9) 19814.280179 32.594733 
19814.280179 
(10,11) 31921.940076 82.878643 
31921.940076 
(10,15) 38100.647503 62.897501 
38100.647503 
(10,16) 16028.781112 75.289530 
16028.781112 
(10,17) 7512.170135 106.341981 
7512.170135 
(11,4) 8939.377182 164.372849 
8939.377182 
(11,10) 30335.375177 68.512432 
30335.375177 
(11,12) 17867.416070 163.971485 
17867.416070 
(11,14) 11197.162054 912.380022 
11197.162054 
(12,3) 12930.832334 4.055916 
12930.832334 
(12,11) 16863.572123 131.351633 
16863.572123 
(12,13) 8883.812113 432.162333 
8883.812113 
(13,12) 9036.069367 462.348564 
9036.069367 
(13,24) 8375.518531 74.310188 
8375.518531 
(14,11) 11223.831757 921.065408 
11223.831757 
(14,15) 15176.168243 925.869843 
15176.168243 
(14,23) 14500.000000 49.089164 
14500.000000 
(15,10) 38237.476022 63.719244 
38237.476022 
(15,14) 15202.837946 932.360056 
15202.837946 
(15,19) 18907.029495 23.446228 
18907.029495 
(15,22) 20312.867134 266.096692 
20312.867134 
(16,8) 0.000000 9999.000000 
0.000000 
(16,10) 15917.914798 73.337545 
15917.914798 
(16,17) 8231.285690 31.453374 
8231.285690 
(16,18) 21811.179937 3.678950 
21811.179937 
(17,10) 7328.562844 97.074328 
7328.562844 
(17,16) 8407.899789 34.063761 
8407.899789 
(17,19) 10942.342421 129.078170 
10942.342421 
(18,7) 18155.253086 3.738318 
18155.253086 
(18,16) 21523.699524 3.643856 
21523.699524 
(18,20) 7753.948838 208.268947 
7753.948838 
(19,15) 19003.750697 23.867830 
19003.750697 
(19,17) 10935.349229 128.753621 
10935.349229 
(19,20) 17849.371916 101.242757 
17849.371916 
(20,18) 7645.186553 197.046964 
7645.186553 
(20,19) 17939.099926 103.212891 
17939.099926 
(20,21) 7083.444947 157.203518 
7083.444947 
(20,22) 9319.875807 141.407713 
9319.875807 
(21,20) 7032.557355 152.905121 
7032.557355 
(21,22) 13531.373278 15.443485 
13531.373278 
(21,24) 11916.187887 257.856927 
11916.187887 
(22,15) 20279.644155 264.379665 
20279.644155 
(22,20) 9251.729123 137.461620 
9251.729123 
(22,21) 13632.742941 15.850880 
13632.742941 
(22,23) 0.000000 9999.000000 
0.000000 
(23,14) 14500.000000 49.089164 
14500.000000 
(23,22) 0.000000 9999.000000 
0.000000 
(23,24) 0.000000 9999.000000 
0.000000 
(24,13) 8427.775785 76.081420 
8427.775785 
(24,21) 11763.930633 245.078876 
11763.930633 
(24,23) 0.000000 9999.000000 
0.000000 
