(1,2) 5948.420374 6.040064 
5948.420374 
(1,3) 10087.517252 4.331350 
10087.517252 
(2,1) 5957.708939 6.040315 
5957.708939 
(2,6) 5348.420374 21.247775 
5348.420374 
(3,1) 10078.228687 4.330131 
10078.228687 
(3,4) 24215.379124 6.406928 
24215.379124 
(3,12) 19209.277913 4.272317 
19209.277913 
(4,3) 24184.531790 6.394687 
24184.531790 
(4,5) 22168.592857 13.592944 
22168.592857 
(4,11) 9674.440192 223.247635 
9674.440192 
(5,4) 22217.740768 13.696093 
22217.740768 
(5,6) 9337.073274 11.608116 
9337.073274 
(5,9) 18731.519583 152.731562 
18731.519583 
(6,2) 5357.708939 21.360939 
5357.708939 
(6,5) 9359.975203 11.683036 
9359.975203 
(6,8) 13085.493648 246.409538 
13085.493648 
(7,8) 15745.680451 10.314636 
15745.680451 
(7,18) 18809.367129 4.002704 
18809.367129 
(8,6) 13117.684142 248.823430 
13117.684142 
(8,7) 15709.367129 10.247391 
15709.367129 
(8,9) 1910.644561 115.608613 
1910.644561 
(8,16) 5177.108622 18.298494 
5177.108622 
(9,5) 18757.765565 153.561290 
18757.765565 
(9,8) 1900.982102 113.488440 
1900.982102 
(9,10) 25230.537481 80.804952 
25230.537481 
(10,9) 25347.121004 82.253013 
25347.121004 
(10,11) 22569.503025 24.460287 
22569.503025 
(10,15) 24518.914901 15.758178 
24518.914901 
(10,16) 13783.511842 42.981926 
13783.511842 
(10,17) 8027.694270 136.245043 
8027.694270 
(11,4) 9694.444949 225.050110 
9694.444949 
(11,10) 22399.583533 23.880828 
22399.583533 
(11,12) 0.000000 9999.000000 
0.000000 
(11,14) 11308.020893 21.348495 
11308.020893 
(12,3) 19230.836681 4.273541 
19230.836681 
(12,11) 0.000000 9999.000000 
0.000000 
(12,13) 14724.085789 3.752027 
14724.085789 
(13,12) 14845.644558 3.777170 
14845.644558 
(13,24) 11108.546576 221.570697 
11108.546576 
(14,11) 11258.106158 21.044205 
11258.106158 
(14,15) 6280.948043 32.017834 
6280.948043 
(14,23) 9168.869784 11.208807 
9168.869784 
(15,10) 24677.076326 16.012409 
24677.076326 
(15,14) 6293.811707 32.239850 
6293.811707 
(15,19) 17200.065460 17.003622 
17200.065460 
(15,22) 15447.560000 6.017974 
15447.560000 
(16,8) 5182.648251 18.355504 
5182.648251 
(16,10) 13809.739390 43.279476 
13809.739390 
(16,17) 11180.899997 102.270091 
11180.899997 
(16,18) 24163.023618 4.022648 
24163.023618 
(17,10) 8029.808313 136.380187 
8029.808313 
(17,16) 11174.553590 102.042627 
11174.553590 
(17,19) 4195.638097 131.089999 
4195.638097 
(18,7) 18845.680451 4.018214 
18845.680451 
(18,16) 24201.137203 4.029116 
24201.137203 
(18,20) 21455.993139 10.781792 
21455.993139 
(19,15) 17217.540294 17.060618 
17217.540294 
(19,17) 4191.405733 130.569906 
4191.405733 
(19,20) 12152.172113 24.892055 
12152.172113 
(20,18) 21430.420046 10.749517 
21430.420046 
(20,19) 12165.414584 24.983270 
12165.414584 
(20,21) 9612.200543 17.720923 
9612.200543 
(20,22) 6502.382757 37.321280 
6502.382757 
(21,20) 9536.948401 17.358168 
9536.948401 
(21,22) 6128.205357 19.593379 
6128.205357 
(21,24) 7540.482799 43.864265 
7540.482799 
(22,15) 15501.110255 6.060040 
15501.110255 
(22,20) 6465.304276 36.590340 
6465.304276 
(22,21) 6096.833751 19.235878 
6096.833751 
(22,23) 6820.752761 37.244549 
6820.752761 
(23,14) 9106.091383 11.013393 
9106.091383 
(23,22) 6805.852929 36.955011 
6805.852929 
(23,24) 12567.247928 13.249605 
12567.247928 
(24,13) 11130.105344 223.264610 
11130.105344 
(24,21) 7496.602264 42.921326 
7496.602264 
(24,23) 12489.569695 12.974038 
12489.569695 
