(1,2) 2230.925778 6.000793 
2230.925778 
(1,3) 10005.307446 4.320680 
10005.307446 
(2,1) 2188.446721 6.000734 
2188.446721 
(2,6) 2594.692554 5.899985 
2594.692554 
(3,1) 10047.786503 4.326161 
10047.786503 
(3,4) 9840.045122 4.065628 
9840.045122 
(3,12) 15102.653330 4.104050 
15102.653330 
(4,3) 9814.126547 4.064939 
9814.126547 
(4,5) 13333.462989 3.517096 
13333.462989 
(4,11) 9257.002076 188.109719 
9257.002076 
(5,4) 13382.196383 3.539398 
13382.196383 
(5,6) 5112.310094 4.683759 
5112.310094 
(5,9) 16040.948533 84.451377 
16040.948533 
(6,2) 2552.213497 5.842480 
2552.213497 
(6,5) 5157.905486 4.708480 
5157.905486 
(6,8) 3636.787068 350.327808 
3636.787068 
(7,8) 13881.106667 7.418179 
13881.106667 
(7,18) 18797.021703 3.997451 
18797.021703 
(8,6) 3639.903403 351.523261 
3639.903403 
(8,7) 13834.412709 7.359030 
13834.412709 
(8,9) 9134.841773 266.911416 
9134.841773 
(8,16) 4785.623555 14.709737 
4785.623555 
(9,5) 16044.086535 84.513566 
16044.086535 
(9,8) 9083.249197 261.156373 
9083.249197 
(9,10) 9957.699336 217.877196 
9957.699336 
(10,9) 10009.244761 222.361057 
10009.244761 
(10,11) 34644.092490 113.038369 
34644.092490 
(10,15) 25474.943817 17.371472 
25474.943817 
(10,16) 14979.963735 58.383456 
14979.963735 
(10,17) 8071.380337 139.059510 
8071.380337 
(11,4) 9282.350106 190.112578 
9282.350106 
(11,10) 34468.588554 110.865697 
34468.588554 
(11,12) 18561.742383 189.995271 
18561.742383 
(11,14) 10700.000000 17.907546 
10700.000000 
(12,3) 15171.050962 4.105948 
15171.050962 
(12,11) 18511.586478 188.014614 
18511.586478 
(12,13) 13926.038844 3.601770 
13926.038844 
(13,12) 14044.280572 3.622469 
14044.280572 
(13,24) 10553.675846 181.250082 
10553.675846 
(14,11) 10700.000000 17.907546 
10700.000000 
(14,15) 8884.963920 113.186332 
8884.963920 
(14,23) 9740.926039 13.183350 
9740.926039 
(15,10) 25556.682434 17.518122 
25556.682434 
(15,14) 8940.926039 115.937846 
8940.926039 
(15,19) 17998.271612 19.789710 
17998.271612 
(15,22) 20399.960610 12.178954 
20399.960610 
(16,8) 4793.638509 14.774948 
4793.638509 
(16,10) 15021.449443 58.988404 
15021.449443 
(16,17) 5025.121541 130.652684 
5025.121541 
(16,18) 18472.188411 3.349297 
18472.188411 
(17,10) 8075.205375 139.308124 
8075.205375 
(17,16) 5022.280138 130.361949 
5022.280138 
(17,19) 10302.514487 101.862557 
10302.514487 
(18,7) 18843.715661 4.017373 
18843.715661 
(18,16) 18524.530475 3.353273 
18524.530475 
(18,20) 17876.625501 7.268076 
17876.625501 
(19,15) 18032.425264 19.917514 
18032.425264 
(19,17) 10303.498122 101.900700 
10303.498122 
(19,20) 12109.047326 24.597069 
12109.047326 
(20,18) 17875.661523 7.267371 
17875.661523 
(20,19) 12144.184614 24.837180 
12144.184614 
(20,21) 10047.224817 19.991202 
10047.224817 
(20,22) 6248.949925 32.569355 
6248.949925 
(21,20) 10001.994427 19.740957 
10001.994427 
(21,22) 12744.311261 12.578153 
12744.311261 
(21,24) 2241.238041 159.237460 
2241.238041 
(22,15) 20403.507693 12.185340 
20403.507693 
(22,20) 6228.353624 32.207678 
6228.353624 
(22,21) 12710.615160 12.466721 
12710.615160 
(22,23) 9589.753493 133.903541 
9589.753493 
(23,14) 9684.963920 12.974127 
9684.963920 
(23,22) 9539.008174 131.175689 
9539.008174 
(23,24) 12430.679532 12.768520 
12430.679532 
(24,13) 10571.917573 182.478750 
10571.917573 
(24,21) 2229.703752 156.045966 
2229.703752 
(24,23) 12323.972094 12.403497 
12323.972094 
