(1,2) 0.000000 9999.000000 
0.000000 
(1,3) 8800.000000 4.191903 
8800.000000 
(2,1) 0.000000 9999.000000 
0.000000 
(2,6) 4000.000000 10.083136 
4000.000000 
(3,1) 8800.000000 4.191903 
8800.000000 
(3,4) 15308.254957 4.384415 
15308.254957 
(3,12) 9896.244880 4.019183 
9896.244880 
(4,3) 15263.569179 4.379946 
15263.569179 
(4,5) 18385.576888 7.484667 
18385.576888 
(4,11) 6522.678069 50.890605 
6522.678069 
(5,4) 18425.915027 7.532960 
18425.915027 
(5,6) 12281.432545 26.773521 
12281.432545 
(5,9) 13604.144343 46.102304 
13604.144343 
(6,2) 4000.000000 10.083136 
4000.000000 
(6,5) 12300.000000 26.911553 
12300.000000 
(6,8) 10881.432545 118.869720 
10881.432545 
(7,8) 12269.139080 5.696518 
12269.139080 
(7,18) 16560.557679 3.203427 
16560.557679 
(8,6) 10900.000000 119.669443 
10900.000000 
(8,7) 12241.990224 5.672730 
12241.990224 
(8,9) 0.000000 9999.000000 
0.000000 
(8,16) 6139.442321 31.300805 
6139.442321 
(9,5) 13625.915027 46.366040 
13625.915027 
(9,8) 0.000000 9999.000000 
0.000000 
(9,10) 21981.077051 47.822606 
21981.077051 
(10,9) 22102.847736 48.824122 
22102.847736 
(10,11) 28047.266491 51.411267 
28047.266491 
(10,15) 28829.740150 24.652055 
28829.740150 
(10,16) 15211.732831 61.828045 
15211.732831 
(10,17) 7205.327139 91.232340 
7205.327139 
(11,4) 6537.654152 51.304303 
6537.654152 
(11,10) 27915.228143 50.543457 
27915.228143 
(11,12) 13101.953448 51.674721 
13101.953448 
(11,14) 11828.764955 24.771745 
11828.764955 
(12,3) 9940.930658 4.019532 
9940.930658 
(12,11) 13071.809956 51.255837 
13071.809956 
(12,13) 14724.434924 3.752098 
14724.434924 
(13,12) 14838.977209 3.775775 
14838.977209 
(13,24) 8543.002379 80.105063 
8543.002379 
(14,11) 11841.846183 24.863782 
11841.846183 
(14,15) 7154.570471 50.486653 
7154.570471 
(14,23) 10203.847479 15.057476 
10203.847479 
(15,10) 28931.812507 24.917613 
28931.812507 
(15,14) 7192.912085 51.469578 
7192.912085 
(15,19) 19547.526514 26.360774 
19547.526514 
(15,22) 21808.117999 14.988052 
21808.117999 
(16,8) 6130.860920 31.154065 
6130.860920 
(16,10) 15252.388586 62.448746 
15252.388586 
(16,17) 8084.228302 29.404295 
8084.228302 
(16,18) 15698.920471 22.223172 
15698.920471 
(17,10) 7216.408060 91.745528 
7216.408060 
(17,16) 8075.328670 29.283821 
8075.328670 
(17,19) 8108.263269 40.312555 
8108.263269 
(18,7) 16587.706535 3.211338 
16587.706535 
(18,16) 15739.894456 22.424648 
15739.894456 
(18,20) 20622.940085 10.962912 
20622.940085 
(19,15) 19588.797131 26.558686 
19588.797131 
(19,17) 8110.444559 40.353799 
8110.444559 
(19,20) 11733.818207 22.160296 
11733.818207 
(20,18) 20591.062926 10.919961 
20591.062926 
(20,19) 11777.270113 22.430794 
11777.270113 
(20,21) 11114.028602 26.948676 
11114.028602 
(20,22) 6328.377621 33.997995 
6328.377621 
(21,20) 11052.414146 26.487980 
11052.414146 
(21,22) 10593.076409 7.049319 
10593.076409 
(21,24) 7874.306010 51.595519 
7874.306010 
(22,15) 21807.261353 14.986169 
21807.261353 
(22,20) 6301.566825 33.509698 
6301.566825 
(22,21) 10578.568913 7.021715 
10578.568913 
(22,23) 7459.600386 51.561273 
7459.600386 
(23,14) 10178.587092 14.948387 
10178.587092 
(23,22) 7417.425449 50.494756 
7417.425449 
(23,24) 10290.742037 7.057819 
10290.742037 
(24,13) 8557.544664 80.624586 
8557.544664 
(24,21) 7827.199050 50.443048 
7827.199050 
(24,23) 10223.306712 6.926541 
10223.306712 
