(1,2) 8937.593323 6.204189 
8937.593323 
(1,3) 10336.738078 73.091105 
10336.738078 
(2,1) 8981.682806 6.208248 
8981.682806 
(2,6) 8737.593323 120.733496 
8737.593323 
(3,1) 10292.648595 71.919843 
10292.648595 
(3,4) 8483.186685 178.863617 
8483.186685 
(3,12) 19236.035540 4.273837 
19236.035540 
(4,3) 8532.505268 182.965625 
8532.505268 
(4,5) 10183.862327 2.516287 
10183.862327 
(4,11) 0.000000 9999.000000 
0.000000 
(5,4) 10333.180910 2.547239 
10333.180910 
(5,6) 10534.403363 16.327467 
10534.403363 
(5,9) 0.000000 9999.000000 
0.000000 
(6,2) 8781.682806 123.087179 
8781.682806 
(6,5) 10683.721946 17.041405 
10683.721946 
(6,8) 20071.996686 1355.069212 
20071.996686 
(7,8) 11958.285261 526.512697 
11958.285261 
(7,18) 16654.896490 3.231084 
16654.896490 
(8,6) 20265.404751 1407.979001 
20265.404751 
(8,7) 11829.823742 504.377312 
11829.823742 
(8,9) 3069.574519 682.755741 
3069.574519 
(8,16) 12672.598425 482.436957 
12672.598425 
(9,5) 0.000000 9999.000000 
0.000000 
(9,8) 3049.625026 665.436254 
3049.625026 
(9,10) 15026.647338 12.789254 
15026.647338 
(10,9) 15106.697845 12.999526 
15106.697845 
(10,11) 38846.011371 175.783927 
38846.011371 
(10,15) 30470.158146 29.273548 
30470.158146 
(10,16) 20158.723715 182.351139 
20158.723715 
(10,17) 9906.912333 305.461368 
9906.912333 
(11,4) 0.000000 9999.000000 
0.000000 
(11,10) 34728.003314 114.088889 
34728.003314 
(11,12) 32434.595249 1721.400883 
32434.595249 
(11,14) 8600.000000 179.531219 
8600.000000 
(12,3) 19142.627474 4.268557 
19142.627474 
(12,11) 32528.003314 1741.247073 
32528.003314 
(12,13) 14500.000000 3.707281 
14500.000000 
(13,12) 14600.000000 3.726995 
14600.000000 
(13,24) 0.000000 9999.000000 
0.000000 
(14,11) 4488.583877 420.683579 
4488.583877 
(14,15) 10353.979581 204.516555 
10353.979581 
(14,23) 14633.347643 50.770814 
14633.347643 
(15,10) 33588.736665 40.366748 
33588.736665 
(15,14) 8733.347643 105.988684 
8733.347643 
(15,19) 5186.510261 310.974274 
5186.510261 
(15,22) 17515.559906 113.903638 
17515.559906 
(16,8) 12757.494464 495.359841 
12757.494464 
(16,10) 20985.642340 213.465654 
20985.642340 
(16,17) 14996.539781 326.510393 
14996.539781 
(16,18) 21448.066036 28.910158 
21448.066036 
(17,10) 10059.473753 324.211994 
10059.473753 
(17,16) 14848.761029 313.907076 
14848.761029 
(17,19) 7797.252886 34.763948 
7797.252886 
(18,7) 16783.358009 3.269508 
16783.358009 
(18,16) 22507.659454 34.422363 
22507.659454 
(18,20) 24032.588968 14.674615 
24032.588968 
(19,15) 5218.562546 318.658179 
5218.562546 
(19,17) 7802.035554 34.844409 
7802.035554 
(19,20) 2673.202672 360.947423 
2673.202672 
(20,18) 25120.643904 16.743040 
25120.643904 
(20,19) 2710.037625 381.031804 
2710.037625 
(20,21) 14315.765639 63.667199 
14315.765639 
(20,22) 7781.737858 71.298670 
7781.737858 
(21,20) 15024.974527 75.972198 
15024.974527 
(21,22) 10886.025830 7.631471 
10886.025830 
(21,24) 7574.650793 44.609983 
7574.650793 
(22,15) 18881.454202 152.758490 
18881.454202 
(22,20) 8097.418859 82.729316 
8097.418859 
(22,21) 10441.782043 6.766975 
10441.782043 
(22,23) 7092.001564 42.856753 
7092.001564 
(23,14) 12142.563459 26.173880 
12142.563459 
(23,22) 8329.333073 77.931945 
8329.333073 
(23,24) 10883.192484 8.327058 
10883.192484 
(24,13) 0.000000 9999.000000 
0.000000 
(24,21) 8728.103468 76.354476 
8728.103468 
(24,23) 9629.739809 5.878241 
9629.739809 
