(1,2) 4961.097270 6.001212 
4961.097270 
(1,3) 7838.902730 4.120829 
7838.902730 
(2,1) 4972.933061 6.001223 
4972.933061 
(2,6) 4761.097270 15.202814 
4761.097270 
(3,1) 7827.066939 4.120101 
7827.066939 
(3,4) 14749.327482 4.331274 
14749.327482 
(3,12) 11471.518335 4.034635 
11471.518335 
(4,3) 14716.958109 4.328375 
14716.958109 
(4,5) 20498.136621 2.529638 
20498.136621 
(4,11) 5056.590595 22.213727 
5056.590595 
(5,4) 20555.175869 2.535557 
20555.175869 
(5,6) 8879.049980 10.221571 
8879.049980 
(5,9) 16204.543905 10.171405 
16204.543905 
(6,2) 4772.933061 15.304647 
4772.933061 
(6,5) 8912.541246 10.315973 
8912.541246 
(6,8) 13354.689986 18.571925 
13354.689986 
(7,8) 17129.868102 13.246205 
17129.868102 
(7,18) 20172.062256 2.165577 
20172.062256 
(8,6) 13400.017043 18.798060 
13400.017043 
(8,7) 17050.675545 13.058039 
17050.675545 
(8,9) 7884.698675 18.912503 
7884.698675 
(8,16) 5237.596398 18.930973 
5237.596398 
(9,5) 16228.091886 10.201530 
16228.091886 
(9,8) 7833.581958 18.683621 
7833.581958 
(9,10) 17165.562213 19.669914 
17165.562213 
(10,9) 17237.993478 19.953059 
17237.993478 
(10,11) 19236.201112 15.269245 
19236.201112 
(10,15) 23094.040357 13.680039 
23094.040357 
(10,16) 11197.419956 20.978355 
11197.419956 
(10,17) 5019.848661 27.608293 
5019.848661 
(11,4) 5067.181974 22.349997 
5067.181974 
(11,10) 19131.323727 15.047114 
19131.323727 
(11,12) 10179.533462 22.643444 
10179.533462 
(11,14) 9772.897298 13.678515 
9772.897298 
(12,3) 11492.051917 4.034884 
11492.051917 
(12,11) 10162.053463 22.529419 
10162.053463 
(12,13) 13569.424631 3.033904 
13569.424631 
(13,12) 13672.478215 3.034945 
13672.478215 
(13,24) 12227.521785 23.962055 
12227.521785 
(14,11) 9796.091290 13.770722 
9796.091290 
(14,15) 9810.008299 15.048639 
9810.008299 
(14,23) 8042.686365 8.267806 
8042.686365 
(15,10) 23144.400567 13.747249 
23144.400567 
(15,14) 9857.352215 15.244030 
9857.352215 
(15,19) 20719.945140 4.843123 
20719.945140 
(15,22) 17755.865924 8.267970 
17755.865924 
(16,8) 5254.847616 19.115421 
5254.847616 
(16,10) 11221.010466 21.121887 
11221.010466 
(16,17) 11735.894986 9.606927 
11735.894986 
(16,18) 21986.202394 3.701007 
21986.202394 
(17,10) 5023.206591 27.660812 
5023.206591 
(17,16) 11727.115237 9.584189 
11727.115237 
(17,19) 10636.493152 9.090937 
10636.493152 
(18,7) 20251.254813 2.168193 
20251.254813 
(18,16) 22035.823872 3.707357 
22035.823872 
(18,20) 20970.877028 4.386809 
20970.877028 
(19,15) 20753.586882 4.855123 
20753.586882 
(19,17) 10631.071332 9.076490 
10631.071332 
(19,20) 9088.873807 10.537411 
9088.873807 
(20,18) 20999.691062 4.388939 
20999.691062 
(20,19) 9117.093730 10.618982 
9117.093730 
(20,21) 6032.023079 7.817701 
6032.023079 
(20,22) 7000.000000 7.713130 
7000.000000 
(21,20) 5989.057036 7.766462 
5989.057036 
(21,22) 7554.640260 3.306169 
7554.640260 
(21,24) 5977.023855 19.131956 
5977.023855 
(22,15) 17719.928308 8.225450 
17719.928308 
(22,20) 7000.000000 7.713130 
7000.000000 
(22,21) 7545.000776 3.299516 
7545.000776 
(22,23) 10401.313888 15.236319 
10401.313888 
(23,14) 8018.536441 8.216777 
8018.536441 
(23,22) 10355.736789 15.040665 
10355.736789 
(23,24) 10353.551514 7.182436 
10353.551514 
(24,13) 12230.575369 23.982003 
12230.575369 
(24,21) 5943.697296 18.775161 
5943.697296 
(24,23) 10283.824490 7.044233 
10283.824490 
