(1,2) 6355.928889 6.052224 
6355.928889 
(1,3) 10559.507380 4.397855 
10559.507380 
(2,1) 6359.507380 6.052341 
6359.507380 
(2,6) 8155.928889 92.858844 
8155.928889 
(3,1) 10555.928889 4.397316 
10555.928889 
(3,4) 7715.349284 5.041135 
7715.349284 
(3,12) 11880.503265 4.039845 
11880.503265 
(4,3) 7643.076060 5.002669 
7643.076060 
(4,5) 6235.834563 90.008993 
6235.834563 
(4,11) 7079.514721 68.296785 
7079.514721 
(5,4) 6238.078572 90.135744 
6238.078572 
(5,6) 8089.988625 8.287713 
8089.988625 
(5,9) 11757.616928 27.932873 
11757.616928 
(6,2) 8159.507380 93.013141 
8159.507380 
(6,5) 7989.404473 8.078418 
7989.404473 
(6,8) 11841.965855 165.927918 
11841.965855 
(7,8) 9752.570305 53.843350 
9752.570305 
(7,18) 14589.556454 2.724917 
14589.556454 
(8,6) 11744.960193 160.622176 
11744.960193 
(8,7) 10229.120705 43.219887 
10229.120705 
(8,9) 0.000000 9999.000000 
0.000000 
(8,16) 7005.025818 49.575098 
7005.025818 
(9,5) 11860.445089 28.745712 
11860.445089 
(9,8) 0.000000 9999.000000 
0.000000 
(9,10) 18557.616928 25.771417 
18557.616928 
(10,9) 18760.445089 26.783391 
18760.445089 
(10,11) 31252.659073 76.549921 
31252.659073 
(10,15) 16641.904120 70.334276 
16641.904120 
(10,16) 19781.921617 169.385588 
19781.921617 
(10,17) 8648.427356 180.753104 
8648.427356 
(11,4) 7104.997488 69.198591 
7104.997488 
(11,10) 31121.776445 75.358857 
31121.776445 
(11,12) 14266.892259 70.216883 
14266.892259 
(11,14) 15772.707774 69.665977 
15772.707774 
(12,3) 11949.197998 4.040774 
11949.197998 
(12,11) 14215.648548 69.299227 
14215.648548 
(12,13) 15385.563919 3.896548 
15385.563919 
(13,12) 15503.014941 3.924240 
15503.014941 
(13,24) 9813.073279 136.492596 
9813.073279 
(14,11) 15818.551624 70.432753 
15818.551624 
(14,15) 7997.893207 76.031686 
7997.893207 
(14,23) 8792.433781 10.095883 
8792.433781 
(15,10) 16731.777536 71.735305 
16731.777536 
(15,14) 8046.349314 77.768806 
8046.349314 
(15,19) 5152.807633 132.687989 
5152.807633 
(15,22) 19069.370480 10.008439 
19069.370480 
(16,8) 7384.570557 60.049619 
7384.570557 
(16,10) 19892.537783 173.115931 
19892.537783 
(16,17) 7887.524649 26.832890 
7887.524649 
(16,18) 20892.591441 3.571598 
20892.591441 
(17,10) 8681.648562 183.422824 
8681.648562 
(17,16) 7863.963444 26.537499 
7863.963444 
(17,19) 6980.512253 23.046453 
6980.512253 
(18,7) 14113.006054 2.634743 
14113.006054 
(18,16) 21406.313552 3.629925 
21406.313552 
(18,20) 21919.311934 11.386822 
21919.311934 
(19,15) 5172.760854 134.708451 
5172.760854 
(19,17) 6990.172254 23.163196 
6990.172254 
(19,20) 11081.627140 18.447066 
11081.627140 
(20,18) 21856.483645 11.302493 
21856.483645 
(20,19) 11111.240362 18.602112 
11111.240362 
(20,21) 16058.031752 97.293485 
16058.031752 
(20,22) 8650.060856 106.222038 
8650.060856 
(21,20) 15969.344936 95.293315 
15969.344936 
(21,22) 11465.012448 8.928552 
11465.012448 
(21,24) 8775.421744 77.958185 
8775.421744 
(22,15) 19087.746781 10.035493 
19087.746781 
(22,20) 8605.532604 104.153818 
8605.532604 
(22,21) 11436.757433 8.860504 
11436.757433 
(22,23) 8327.983918 77.884056 
8327.983918 
(23,14) 8789.821525 10.088641 
8789.821525 
(23,22) 8273.576953 75.972147 
8273.576953 
(23,24) 11135.602444 8.934760 
11135.602444 
(24,13) 9830.524302 137.437583 
9830.524302 
(24,21) 8714.989943 75.914623 
8714.989943 
(24,23) 11078.583223 8.793811 
11078.583223 
