(1,2) 4115.813297 6.029277 
4115.813297 
(1,3) 9284.186703 4.237753 
9284.186703 
(2,1) 4120.470593 6.029410 
4120.470593 
(2,6) 3315.813297 122.427590 
3315.813297 
(3,1) 9279.529407 4.237276 
9279.529407 
(3,4) 23849.815234 6.264843 
23849.815234 
(3,12) 19117.018084 4.267123 
19117.018084 
(4,3) 23796.547491 6.244677 
23796.547491 
(4,5) 17078.760690 82.436160 
17078.760690 
(4,11) 12530.018673 617.305853 
12530.018673 
(5,4) 17086.585597 82.583674 
17086.585597 
(5,6) 13319.652492 35.506899 
13319.652492 
(5,9) 8454.484657 11.130979 
8454.484657 
(6,2) 3320.470593 123.088723 
3320.470593 
(6,5) 13376.880934 36.051881 
13376.880934 
(6,8) 16240.089330 581.844258 
16240.089330 
(7,8) 17049.607456 13.055519 
17049.607456 
(7,18) 20075.015776 4.598625 
20075.015776 
(8,6) 16301.975069 590.733304 
16301.975069 
(8,7) 16975.015776 12.880700 
16975.015776 
(8,9) 2635.959228 616.244003 
2635.959228 
(8,16) 7791.086087 73.209577 
7791.086087 
(9,5) 8405.081121 10.988925 
8405.081121 
(9,8) 2626.012532 607.145109 
2626.012532 
(9,10) 11628.472124 610.619335 
11628.472124 
(10,9) 11669.121893 619.160234 
11669.121893 
(10,11) 32414.066261 87.793325 
32414.066261 
(10,15) 31817.310135 33.670538 
31817.310135 
(10,16) 15710.341986 69.790973 
15710.341986 
(10,17) 8152.313160 144.395709 
8152.313160 
(11,4) 12568.926023 624.934030 
12568.926023 
(11,10) 32222.815721 85.856551 
32222.815721 
(11,12) 3828.028927 634.935959 
3828.028927 
(11,14) 12117.111310 26.872402 
12117.111310 
(12,3) 19165.628531 4.269850 
19165.628531 
(12,11) 3817.186392 627.840565 
3817.186392 
(12,13) 18245.047011 4.772964 
18245.047011 
(13,12) 18382.814923 4.827124 
18382.814923 
(13,24) 14158.220948 578.124637 
14158.220948 
(14,11) 12075.610656 26.560660 
12075.610656 
(14,15) 4056.742523 146.128872 
4056.742523 
(14,23) 11292.282452 20.585444 
11292.282452 
(15,10) 31924.442611 34.045104 
31924.442611 
(15,14) 4075.171141 148.710831 
4075.171141 
(15,19) 16308.445977 14.318016 
16308.445977 
(15,22) 21048.058555 13.402172 
21048.058555 
(16,8) 7788.326841 73.113001 
7788.326841 
(16,10) 15731.070473 70.138884 
15731.070473 
(16,17) 10314.171417 74.610886 
10314.171417 
(16,18) 13612.830105 55.420156 
13612.830105 
(17,10) 8156.352504 144.666238 
8156.352504 
(17,16) 10311.414114 74.533272 
10311.414114 
(17,19) 4932.233382 163.947168 
4932.233382 
(18,7) 20149.607456 4.637463 
20149.607456 
(18,16) 13633.556649 55.740140 
13633.556649 
(18,20) 14447.032886 55.638870 
14447.032886 
(19,15) 16332.165024 14.384004 
16332.165024 
(19,17) 4933.515423 164.115614 
4933.515423 
(19,20) 11651.389334 21.655351 
11651.389334 
(20,18) 14442.351111 55.571965 
14442.351111 
(20,19) 11676.390422 21.807376 
11676.390422 
(20,21) 8846.064406 14.407578 
8846.064406 
(20,22) 5601.036839 22.793941 
5601.036839 
(21,20) 8786.220092 14.182365 
8786.220092 
(21,22) 11233.813929 8.386358 
11233.813929 
(21,24) 10480.522178 155.503131 
10480.522178 
(22,15) 21049.900603 13.405814 
21049.900603 
(22,20) 5581.200465 22.543204 
5581.200465 
(22,21) 11233.786045 8.386295 
11233.786045 
(22,23) 3423.184230 156.164101 
3423.184230 
(23,14) 11232.353179 20.236154 
11232.353179 
(23,22) 3405.162020 152.984895 
3405.162020 
(23,24) 11266.390367 9.266340 
11266.390367 
(24,13) 14195.988860 584.275242 
14195.988860 
(24,21) 10420.705749 152.051244 
10420.705749 
(24,23) 11188.438884 9.067316 
11188.438884 
