(1,2) 4694.666025 6.000972 
4694.666025 
(1,3) 7532.992147 4.006440 
7532.992147 
(2,1) 4732.992147 6.001004 
4732.992147 
(2,6) 6072.134746 6.687087 
6072.134746 
(3,1) 7494.666025 4.006310 
7494.666025 
(3,4) 14527.192936 4.311763 
14527.192936 
(3,12) 10613.916488 4.025382 
10613.916488 
(4,3) 14503.455619 4.309731 
14503.455619 
(4,5) 19050.228573 2.395114 
19050.228573 
(4,11) 5821.891158 7.780689 
5821.891158 
(5,4) 19125.346777 2.401383 
19125.346777 
(5,6) 8794.660715 9.988395 
8794.660715 
(5,9) 16733.036579 10.879770 
16733.036579 
(6,2) 6110.460868 6.730086 
6110.460868 
(6,5) 8802.815496 10.010637 
8802.815496 
(6,8) 12689.326740 15.508031 
12689.326740 
(7,8) 15658.126017 10.153294 
15658.126017 
(7,18) 18704.155170 2.122392 
18704.155170 
(8,6) 12735.807644 15.707040 
12735.807644 
(8,7) 15580.836874 10.013101 
15580.836874 
(8,9) 6735.331257 14.745644 
6735.331257 
(8,16) 4897.818221 15.652805 
4897.818221 
(9,5) 16800.000002 10.974456 
16800.000002 
(9,8) 6689.328356 14.617313 
6689.328356 
(9,10) 21737.035066 5.679060 
21737.035066 
(10,9) 21857.995588 5.739193 
21857.995588 
(10,11) 19333.943469 15.479560 
19333.943469 
(10,15) 24797.159948 16.208726 
24797.159948 
(10,16) 11751.134951 24.594109 
11751.134951 
(10,17) 5194.748747 30.487205 
5194.748747 
(11,4) 5823.035637 7.782089 
5823.035637 
(11,10) 19256.766973 15.313231 
19256.766973 
(11,12) 7877.963997 11.970183 
7877.963997 
(11,14) 10357.665162 16.211327 
10357.665162 
(12,3) 10599.327681 4.025243 
10599.327681 
(12,11) 7881.040506 11.979515 
7881.040506 
(12,13) 12391.880484 3.023580 
12391.880484 
(13,12) 12480.368187 3.024261 
12480.368187 
(13,24) 11020.636096 17.172800 
11020.636096 
(14,11) 10378.556637 16.310147 
10378.556637 
(14,15) 9874.088116 15.313777 
9874.088116 
(14,23) 8312.236428 8.869358 
8312.236428 
(15,10) 24860.223665 16.312973 
24860.223665 
(15,14) 9914.584626 15.484020 
9914.584626 
(15,19) 21057.227801 4.966096 
21057.227801 
(15,22) 18234.805766 8.859768 
18234.805766 
(16,8) 4913.012883 15.785616 
4913.012883 
(16,10) 11778.787564 24.788642 
11778.787564 
(16,17) 11843.533377 9.889864 
11843.533377 
(16,18) 20284.435492 3.507894 
20284.435492 
(17,10) 5202.169434 30.615972 
5202.169434 
(17,16) 11828.906932 9.850961 
11828.906932 
(17,19) 10724.629433 9.328903 
10724.629433 
(18,7) 18781.444313 2.124427 
18781.444313 
(18,16) 20341.909212 3.513675 
20341.909212 
(18,20) 20465.567396 4.350853 
20465.567396 
(19,15) 21086.826779 4.977174 
21086.826779 
(19,17) 10717.423676 9.309226 
10717.423676 
(19,20) 9339.804125 11.289816 
9339.804125 
(20,18) 20500.330259 4.353243 
20500.330259 
(20,19) 9362.197346 11.359981 
9362.197346 
(20,21) 6461.077322 8.392711 
6461.077322 
(20,22) 7000.000000 7.713130 
7000.000000 
(21,20) 6418.233405 8.329875 
6418.233405 
(21,22) 7008.652679 2.967570 
7008.652679 
(21,24) 5855.312168 17.857553 
5855.312168 
(22,15) 18208.767015 8.826370 
18208.767015 
(22,20) 7000.000000 7.713130 
7000.000000 
(22,21) 6994.234846 2.959633 
6994.234846 
(22,23) 10460.352091 15.493610 
10460.352091 
(23,14) 8292.631393 8.823581 
8292.631393 
(23,22) 10419.895508 15.316827 
10419.895508 
(23,24) 9253.811631 5.307190 
9253.811631 
(24,13) 11009.123799 17.117845 
11009.123799 
(24,21) 5826.886083 17.571128 
5826.886083 
(24,23) 9193.750012 5.222162 
9193.750012 
