(1,2) 5137.232953 6.001393 
5137.232953 
(1,3) 8062.767047 4.135234 
8062.767047 
(2,1) 5098.527700 6.001351 
5098.527700 
(2,6) 4537.232953 13.415038 
4537.232953 
(3,1) 8101.472300 4.137850 
8101.472300 
(3,4) 16013.200394 4.460268 
16013.200394 
(3,12) 10754.900988 4.026758 
10754.900988 
(4,3) 16056.373288 4.465252 
16056.373288 
(4,5) 20574.236397 2.537547 
20574.236397 
(4,11) 5868.337576 7.838197 
5868.337576 
(5,4) 20724.710864 2.553446 
20724.710864 
(5,6) 8744.204415 9.852148 
8744.204415 
(5,9) 16730.031982 10.875548 
16730.031982 
(6,2) 4498.527700 13.131550 
4498.527700 
(6,5) 8809.738327 10.029567 
8809.738327 
(6,8) 12681.437368 15.474469 
12681.437368 
(7,8) 15600.682906 10.048901 
15600.682906 
(7,18) 18484.898426 2.116753 
18484.898426 
(8,6) 12708.266027 15.588857 
12708.266027 
(8,7) 15522.871098 9.909318 
15522.871098 
(8,9) 6692.895969 14.627172 
6692.895969 
(8,16) 4886.852409 15.557722 
4886.852409 
(9,5) 16814.972537 10.995783 
16814.972537 
(9,8) 6628.286140 14.451069 
6628.286140 
(9,10) 21810.029217 5.715228 
21810.029217 
(10,9) 21930.359943 5.775647 
21930.359943 
(10,11) 19407.699679 15.640389 
19407.699679 
(10,15) 24856.876564 16.307420 
24856.876564 
(10,16) 11708.299921 24.295470 
11708.299921 
(10,17) 5234.762050 31.188095 
5234.762050 
(11,4) 5861.036002 7.829065 
5861.036002 
(11,10) 19328.657880 15.468105 
19328.657880 
(11,12) 7945.020525 12.176064 
7945.020525 
(11,14) 10378.280628 16.308837 
10378.280628 
(12,3) 10750.433347 4.026714 
10750.433347 
(12,11) 7937.825042 12.153721 
7937.825042 
(12,13) 12599.921513 3.025204 
12599.921513 
(13,12) 12688.258389 3.025918 
12688.258389 
(13,24) 11012.057329 17.131832 
11012.057329 
(14,11) 10399.132738 16.408060 
10399.132738 
(14,15) 9910.386824 15.466276 
9910.386824 
(14,23) 8372.314187 9.011667 
8372.314187 
(15,10) 24915.590718 16.405154 
24915.590718 
(15,14) 9951.679935 15.641806 
9951.679935 
(15,19) 21282.588902 5.051624 
21282.588902 
(15,22) 18334.338263 8.988759 
18334.338263 
(16,8) 4900.479090 15.675974 
4900.479090 
(16,10) 11741.583202 24.527232 
11741.583202 
(16,17) 11447.103980 8.885364 
11447.103980 
(16,18) 20291.681339 3.508620 
20291.681339 
(17,10) 5242.137141 31.319047 
5242.137141 
(17,16) 11431.783814 8.848578 
11431.783814 
(17,19) 10911.154529 9.852222 
10911.154529 
(18,7) 18562.710234 2.118731 
18562.710234 
(18,16) 20353.911466 3.514888 
20353.911466 
(18,20) 20228.971105 4.334908 
20228.971105 
(19,15) 21321.691624 5.066744 
21321.691624 
(19,17) 10903.209455 9.829377 
10903.209455 
(19,20) 9179.379447 10.801721 
9179.379447 
(20,18) 20269.013040 4.337567 
20269.013040 
(20,19) 9210.537095 10.894541 
9210.537095 
(20,21) 8074.439580 11.836065 
8074.439580 
(20,22) 5018.986457 16.472618 
5018.986457 
(21,20) 8051.406499 11.769757 
8051.406499 
(21,22) 9004.778510 4.636553 
9004.778510 
(21,24) 5718.504444 16.516895 
5718.504444 
(22,15) 18295.242806 8.937841 
18295.242806 
(22,20) 5013.219120 16.419976 
5013.219120 
(22,21) 9011.859287 4.644856 
9011.859287 
(22,23) 10498.877377 15.663870 
10498.877377 
(23,14) 8351.873186 8.962902 
8351.873186 
(23,22) 10461.095361 15.496877 
10461.095361 
(23,24) 9381.889761 5.494120 
9381.889761 
(24,13) 11000.394205 17.076287 
11000.394205 
(24,21) 5688.390586 16.234414 
5688.390586 
(24,23) 9323.666743 5.408188 
9323.666743 
