(1,2) 4652.290349 6.000937 
4652.290349 
(1,3) 8194.404436 4.144284 
8194.404436 
(2,1) 4646.694785 6.000932 
4646.694785 
(2,6) 4405.595564 12.480149 
4405.595564 
(3,1) 8200.000000 4.144679 
8200.000000 
(3,4) 16074.222078 4.467324 
16074.222078 
(3,12) 10486.753213 4.024188 
10486.753213 
(4,3) 16086.753213 4.468783 
16086.753213 
(4,5) 20605.840875 2.540857 
20605.840875 
(4,11) 5827.679930 7.787782 
5827.679930 
(5,4) 20717.390358 2.552664 
20717.390358 
(5,6) 8814.144589 10.041639 
8814.144589 
(5,9) 16691.696286 10.821879 
16691.696286 
(6,2) 4400.000000 12.442219 
4400.000000 
(6,5) 8852.862463 10.148497 
8852.862463 
(6,8) 12619.740154 15.214154 
12619.740154 
(7,8) 15536.498092 9.933612 
15536.498092 
(7,18) 18530.351583 2.117906 
18530.351583 
(8,6) 12652.862463 15.353431 
12652.862463 
(8,7) 15464.292989 9.805613 
15464.292989 
(8,9) 6675.129144 14.578234 
6675.129144 
(8,16) 4877.626196 15.478217 
4877.626196 
(9,5) 16764.527895 10.924157 
16764.527895 
(9,8) 6622.179031 14.434687 
6622.179031 
(9,10) 21747.117148 5.684034 
21747.117148 
(10,9) 21866.998644 5.743708 
21866.998644 
(10,11) 19380.857005 15.581645 
19380.857005 
(10,15) 24876.513567 16.340031 
24876.513567 
(10,16) 11699.180028 24.232309 
11699.180028 
(10,17) 5209.902968 30.750756 
5209.902968 
(11,4) 5828.661582 7.788986 
5828.661582 
(11,10) 19300.859624 15.408014 
19300.859624 
(11,12) 7931.373370 12.133739 
7931.373370 
(11,14) 10386.390041 16.347354 
10386.390041 
(12,3) 10479.817643 4.024124 
10479.817643 
(12,11) 7931.130932 12.132989 
7931.130932 
(12,13) 12318.126583 3.023024 
12318.126583 
(13,12) 12410.948575 3.023726 
12410.948575 
(13,24) 11086.094211 17.488564 
11086.094211 
(14,11) 10407.616750 16.448601 
10407.616750 
(14,15) 9897.243894 15.410865 
9897.243894 
(14,23) 8263.318005 8.755739 
8263.318005 
(15,10) 24939.857303 16.445750 
24939.857303 
(15,14) 9937.895581 15.582967 
9937.895581 
(15,19) 21021.391425 4.952746 
21021.391425 
(15,22) 18144.931100 8.745094 
18144.931100 
(16,8) 4891.493516 15.597887 
4891.493516 
(16,10) 11727.959483 24.432127 
11727.959483 
(16,17) 11649.583105 9.385602 
11649.583105 
(16,18) 20641.998283 3.544663 
20641.998283 
(17,10) 5217.658654 30.886530 
5217.658654 
(17,16) 11634.947230 9.348557 
11634.947230 
(17,19) 10778.403396 9.477002 
10778.403396 
(18,7) 18602.556685 2.119754 
18602.556685 
(18,16) 20699.280934 3.550735 
20699.280934 
(18,20) 20892.746813 4.381076 
20892.746813 
(19,15) 21052.765944 4.964430 
21052.765944 
(19,17) 10771.523207 9.457929 
10771.523207 
(19,20) 9203.173433 10.872519 
9203.173433 
(20,18) 20922.234566 4.383232 
20922.234566 
(20,19) 9227.667763 10.945976 
9227.667763 
(20,21) 6673.624311 8.723438 
6673.624311 
(20,22) 7000.000000 7.713130 
7000.000000 
(21,20) 6627.606394 8.649094 
6627.606394 
(21,22) 6826.683499 2.870930 
6826.683499 
(21,24) 5879.854695 18.108225 
5879.854695 
(22,15) 18117.552005 8.710497 
18117.552005 
(22,20) 7000.000000 7.713130 
7000.000000 
(22,21) 6809.187598 2.862036 
6809.187598 
(22,23) 10484.002361 15.597908 
10484.002361 
(23,14) 8243.893026 8.711179 
8243.893026 
(23,22) 10439.127364 15.400608 
10439.127364 
(23,24) 9299.061507 5.372353 
9299.061507 
(24,13) 11078.916203 17.453664 
11078.916203 
(24,21) 5851.332679 17.817203 
5851.332679 
(24,23) 9234.761532 5.280041 
9234.761532 
