(1,2) 9627.833992 60.746369 
9627.833992 
(1,3) 11828.301673 4.626382 
11828.301673 
(2,1) 9628.301673 60.757007 
9628.301673 
(2,6) 12427.833992 478.667446 
12427.833992 
(3,1) 11827.833992 4.626283 
11827.833992 
(3,4) 12412.271112 526.804405 
12412.271112 
(3,12) 16041.834595 6.151709 
16041.834595 
(4,3) 12412.171670 526.787651 
12412.171670 
(4,5) 12100.970880 3.029253 
12100.970880 
(4,11) 12785.299665 668.666975 
12785.299665 
(5,4) 12084.676449 3.023720 
12084.676449 
(5,6) 4144.817647 14.222485 
4144.817647 
(5,9) 11809.990845 28.344227 
11809.990845 
(6,2) 12428.301673 478.738750 
12428.301673 
(6,5) 4153.737552 14.310768 
4153.737552 
(6,8) 15917.662507 537.149194 
15917.662507 
(7,8) 25096.196783 50.203979 
25096.196783 
(7,18) 28180.191105 12.090106 
28180.191105 
(8,6) 15927.050092 538.412747 
15927.050092 
(8,7) 25080.191105 50.083672 
25080.191105 
(8,9) 10867.208120 524.578010 
10867.208120 
(8,16) 7596.483947 66.645849 
7596.483947 
(9,5) 11784.776509 28.145504 
11784.776509 
(9,8) 10859.012545 523.027476 
10859.012545 
(9,10) 7178.130388 670.509389 
7178.130388 
(10,9) 7244.720477 695.625605 
7244.720477 
(10,11) 23864.906456 29.327653 
23864.906456 
(10,15) 21593.763912 11.870528 
21593.763912 
(10,16) 18528.864768 131.297244 
18528.864768 
(10,17) 10539.048281 388.963061 
10539.048281 
(11,4) 12901.494654 693.087089 
12901.494654 
(11,10) 23710.089593 28.702494 
23710.089593 
(11,12) 0.000000 9999.000000 
0.000000 
(11,14) 12436.898293 29.384214 
12436.898293 
(12,3) 16041.466357 6.151512 
16041.466357 
(12,11) 0.000000 9999.000000 
0.000000 
(12,13) 13719.844095 3.566913 
13719.844095 
(13,12) 13819.475857 3.583561 
13819.475857 
(13,24) 14259.894896 594.794903 
14259.894896 
(14,11) 12498.276418 29.889036 
12498.276418 
(14,15) 2863.254463 44.178697 
2863.254463 
(14,23) 9815.159432 13.466504 
9815.159432 
(15,10) 23674.778132 14.482179 
23674.778132 
(15,14) 2931.021174 48.021548 
2931.021174 
(15,19) 0.000000 9999.000000 
0.000000 
(15,22) 21817.438462 15.008559 
21817.438462 
(16,8) 7598.061429 66.697070 
7598.061429 
(16,10) 17577.902419 107.107903 
17577.902419 
(16,17) 14371.030177 275.662923 
14371.030177 
(16,18) 26224.285022 4.418848 
26224.285022 
(17,10) 9530.403364 262.754826 
9530.403364 
(17,16) 12793.481683 173.877632 
12793.481683 
(17,19) 6825.527793 21.238655 
6825.527793 
(18,7) 28196.196783 12.113049 
28196.196783 
(18,16) 26852.448649 4.559757 
26852.448649 
(18,20) 22724.461757 12.533445 
22724.461757 
(19,15) 3584.269957 253.135682 
3584.269957 
(19,17) 4239.334381 4.862994 
4239.334381 
(19,20) 6891.844996 169.739057 
6891.844996 
(20,18) 23268.631062 13.380658 
23268.631062 
(20,19) 7889.921542 288.690907 
7889.921542 
(20,21) 11102.025162 26.858322 
11102.025162 
(20,22) 8482.074149 98.585095 
8482.074149 
(21,20) 12061.056088 35.054398 
12061.056088 
(21,22) 20420.841851 71.733095 
20420.841851 
(21,24) 14380.070217 543.494278 
14380.070217 
(22,15) 20281.949436 11.968393 
20281.949436 
(22,20) 8965.289074 121.803435 
8965.289074 
(22,21) 21441.126305 86.749033 
21441.126305 
(22,23) 7251.588939 46.474075 
7251.588939 
(23,14) 9808.770846 13.441881 
9808.770846 
(23,22) 7219.599291 45.729539 
7219.599291 
(23,24) 3979.456441 644.145581 
3979.456441 
(24,13) 14259.526658 594.733880 
14259.526658 
(24,21) 14318.816689 534.343768 
14318.816689 
(24,23) 3941.078207 619.729995 
3941.078207 
