(1,2) 0.000000 9999.000000 
0.000000 
(1,3) 8800.000000 14.882429 
8800.000000 
(2,1) 0.000000 9999.000000 
0.000000 
(2,6) 4000.000000 10.083136 
4000.000000 
(3,1) 8800.000000 14.882429 
8800.000000 
(3,4) 0.000000 9999.000000 
0.000000 
(3,12) 11400.000000 4.033779 
11400.000000 
(4,3) 0.000000 9999.000000 
0.000000 
(4,5) 13814.667551 3.748248 
13814.667551 
(4,11) 10902.397934 356.380396 
10902.397934 
(5,4) 13902.397934 3.793082 
13902.397934 
(5,6) 10409.002966 15.750886 
10409.002966 
(5,9) 9705.664585 15.648351 
9705.664585 
(6,2) 4000.000000 10.083136 
4000.000000 
(6,5) 10487.583261 16.109766 
10487.583261 
(6,8) 10472.086708 102.251441 
10472.086708 
(7,8) 25265.483896 51.490587 
25265.483896 
(7,18) 31630.361497 18.015356 
31630.361497 
(8,6) 10550.667004 105.294541 
10550.667004 
(8,7) 25130.361497 50.461549 
25130.361497 
(8,9) 7137.075812 105.732748 
7137.075812 
(8,16) 2714.371756 92.409019 
2714.371756 
(9,5) 9714.814672 15.688563 
9714.814672 
(9,8) 7072.646545 102.322404 
7072.646545 
(9,10) 9252.868814 219.466590 
9252.868814 
(10,9) 9297.589633 223.681919 
9297.589633 
(10,11) 37681.328891 156.204984 
37681.328891 
(10,15) 28391.336006 23.543130 
28391.336006 
(10,16) 15826.371674 71.756224 
15826.371674 
(10,17) 7025.366182 83.223434 
7025.366182 
(11,4) 10914.667551 357.960341 
10914.667551 
(11,10) 37533.765244 153.850328 
37533.765244 
(11,12) 25422.788638 653.477149 
25422.788638 
(11,14) 20901.410821 206.496625 
20901.410821 
(12,3) 11400.000000 4.033779 
11400.000000 
(12,11) 25379.400563 649.068356 
25379.400563 
(12,13) 16381.575360 4.152239 
16381.575360 
(13,12) 16438.187285 4.168250 
16438.187285 
(13,24) 10661.072072 188.575885 
10661.072072 
(14,11) 20909.504867 206.810474 
20909.504867 
(14,15) 5490.495133 384.512436 
5490.495133 
(14,23) 14500.000000 1619.157287 
14500.000000 
(15,10) 28459.545070 23.712325 
28459.545070 
(15,14) 5498.589179 386.755287 
5498.589179 
(15,19) 18481.559971 21.666998 
18481.559971 
(15,22) 21493.372916 14.310822 
21493.372916 
(16,8) 2722.258920 93.429395 
2722.258920 
(16,10) 15844.424721 72.065910 
15844.424721 
(16,17) 8571.958047 36.640528 
8571.958047 
(16,18) 22032.174920 23.651344 
22032.174920 
(17,10) 7031.388538 83.481701 
7031.388538 
(17,16) 8568.682987 36.587618 
8568.682987 
(17,19) 7980.671687 37.957338 
7980.671687 
(18,7) 31765.483896 18.290780 
31765.483896 
(18,16) 22061.390191 23.761099 
22061.390191 
(18,20) 23588.248307 13.906785 
23588.248307 
(19,15) 18507.409098 21.771651 
18507.409098 
(19,17) 7983.418982 38.006875 
7983.418982 
(19,20) 13538.243167 36.182127 
13538.243167 
(20,18) 23652.585977 14.015312 
23652.585977 
(20,19) 13566.839589 36.454900 
13566.839589 
(20,21) 11345.709605 28.750827 
11345.709605 
(20,22) 6815.801291 44.018099 
6815.801291 
(21,20) 11342.565508 28.725619 
11342.565508 
(21,22) 13486.812330 15.267272 
13486.812330 
(21,24) 14977.211362 639.020199 
14977.211362 
(22,15) 21443.826899 14.206888 
21443.826899 
(22,20) 6811.879480 43.928373 
6811.879480 
(22,21) 13540.280158 15.478916 
13540.280158 
(22,23) 0.000000 9999.000000 
0.000000 
(23,14) 14500.000000 1619.157287 
14500.000000 
(23,22) 0.000000 9999.000000 
0.000000 
(23,24) 0.000000 9999.000000 
0.000000 
(24,13) 10617.683997 185.589455 
10617.683997 
(24,21) 14920.599437 629.458288 
14920.599437 
(24,23) 0.000000 9999.000000 
0.000000 
