(1,2) 5068.749744 6.001320 
5068.749744 
(1,3) 7886.517842 4.123792 
7886.517842 
(2,1) 5086.517842 6.001339 
5086.517842 
(2,6) 4868.749744 16.157363 
4868.749744 
(3,1) 7868.749744 4.122680 
7868.749744 
(3,4) 15740.813570 4.429741 
15740.813570 
(3,12) 11558.797787 4.035701 
11558.797787 
(4,3) 15672.279944 4.422306 
15672.279944 
(4,5) 20089.413839 9.818263 
20089.413839 
(4,11) 4756.807118 18.697372 
4756.807118 
(5,4) 20129.341518 9.880604 
20129.341518 
(5,6) 9464.894322 12.033359 
9464.894322 
(5,9) 15479.950692 9.306650 
15479.950692 
(6,2) 4886.517842 16.321128 
4886.517842 
(6,5) 9497.126989 12.143349 
9497.126989 
(6,8) 13778.212890 20.776268 
13778.212890 
(7,8) 17998.010736 15.486623 
17998.010736 
(7,18) 21011.898045 5.118754 
21011.898045 
(8,6) 13828.213656 21.050310 
13828.213656 
(8,7) 17911.898045 15.249360 
17911.898045 
(8,9) 8808.645250 23.883398 
8808.645250 
(8,16) 5718.081974 24.790413 
5718.081974 
(9,5) 15487.645705 9.315219 
15487.645705 
(9,8) 8751.767129 23.528272 
8751.767129 
(9,10) 16822.776177 18.377718 
16822.776177 
(10,9) 16873.593067 18.564369 
16873.593067 
(10,11) 20978.614393 19.526750 
20978.614393 
(10,15) 28126.185878 22.896904 
28126.185878 
(10,16) 12504.705840 30.406915 
12504.705840 
(10,17) 5652.806446 39.530710 
5652.806446 
(11,4) 4748.345813 18.607270 
4748.345813 
(11,10) 20855.514600 19.188775 
20855.514600 
(11,12) 10727.997385 26.530822 
10727.997385 
(11,14) 0.000000 9999.000000 
0.000000 
(12,3) 11609.563314 4.036332 
11609.563314 
(12,11) 10696.436287 26.290284 
10696.436287 
(12,13) 17586.795172 3.095664 
17586.795172 
(13,12) 17705.999601 3.098284 
17705.999601 
(13,24) 13686.321817 35.332745 
13686.321817 
(14,11) 0.000000 9999.000000 
0.000000 
(14,15) 11096.287062 21.449037 
11096.287062 
(14,23) 7915.499812 8.004180 
7915.499812 
(15,10) 28181.055066 23.029142 
28181.055066 
(15,14) 11134.069153 21.674215 
11134.069153 
(15,19) 17034.653043 3.842041 
17034.653043 
(15,22) 17519.231955 7.992707 
17519.231955 
(16,8) 5738.848171 25.079472 
5738.848171 
(16,10) 12519.789130 30.534555 
12519.789130 
(16,17) 11547.193554 9.129354 
11547.193554 
(16,18) 26241.830754 4.422649 
26241.830754 
(17,10) 5656.770651 39.619251 
5656.770651 
(17,16) 11543.229349 9.119568 
11543.229349 
(17,19) 6200.000000 15.097744 
6200.000000 
(18,7) 21098.010736 5.170195 
21098.010736 
(18,16) 26281.644446 4.431302 
26281.644446 
(18,20) 24088.388842 4.673381 
24088.388842 
(19,15) 17052.677076 3.845610 
17052.677076 
(19,17) 6200.000000 15.097744 
6200.000000 
(19,20) 9834.653043 12.961933 
9834.653043 
(20,18) 24114.315226 4.676285 
24114.315226 
(20,19) 9852.677076 13.027812 
9852.677076 
(20,21) 8068.757353 11.819654 
8068.757353 
(20,22) 5109.715707 17.324956 
5109.715707 
(21,20) 8027.468875 11.701447 
8027.468875 
(21,22) 9659.172762 5.490632 
9659.172762 
(21,24) 6326.419517 23.247855 
6326.419517 
(22,15) 17493.859200 7.963847 
17493.859200 
(22,20) 5094.954602 17.183153 
5094.954602 
(22,21) 9652.991854 5.481706 
9652.991854 
(22,23) 11652.716158 21.700271 
11652.716158 
(23,14) 7877.717722 7.928275 
7877.717722 
(23,22) 11606.401390 21.420539 
11606.401390 
(23,24) 10279.106729 7.034983 
10279.106729 
(24,13) 13705.526246 35.508978 
13705.526246 
(24,21) 6291.311947 22.802132 
6291.311947 
(24,23) 10195.009870 6.872223 
10195.009870 
