(1,2) 4448.900335 6.000784 
4448.900335 
(1,3) 7863.996678 11.377247 
7863.996678 
(2,1) 4463.996678 6.000794 
4463.996678 
(2,6) 4736.003322 14.989408 
4736.003322 
(3,1) 7848.900335 11.320762 
7848.900335 
(3,4) 14225.154271 4.286633 
14225.154271 
(3,12) 11997.239250 4.041434 
11997.239250 
(4,3) 14181.558236 4.283135 
14181.558236 
(4,5) 18332.204524 7.421257 
18332.204524 
(4,11) 3106.145663 60.689922 
3106.145663 
(5,4) 18380.757856 7.478919 
18380.757856 
(5,6) 9994.242747 13.986968 
9994.242747 
(5,9) 15819.985425 80.163252 
15819.985425 
(6,2) 4751.099665 15.117386 
4751.099665 
(6,5) 10014.962534 14.070045 
10014.962534 
(6,8) 11548.222422 150.258044 
11548.222422 
(7,8) 14247.647341 7.903651 
14247.647341 
(7,18) 17277.175658 3.425644 
17277.175658 
(8,6) 11584.038552 152.105872 
11584.038552 
(8,7) 14177.175658 7.807351 
14177.175658 
(8,9) 6725.374385 85.482304 
6725.374385 
(8,16) 6455.461793 37.148640 
6455.461793 
(9,5) 15847.818969 80.693616 
15847.818969 
(9,8) 6693.958746 84.081781 
6693.958746 
(9,10) 21014.065699 40.440494 
21014.065699 
(10,9) 21110.483604 41.132384 
21110.483604 
(10,11) 30371.576599 68.816152 
30371.576599 
(10,15) 31405.972160 32.267136 
31405.972160 
(10,16) 16715.704391 88.318425 
16715.704391 
(10,17) 7687.159164 115.830293 
7687.159164 
(11,4) 3113.996297 61.244926 
3113.996297 
(11,10) 30228.127510 67.619017 
30228.127510 
(11,12) 13755.085893 61.486193 
13755.085893 
(11,14) 13418.361647 38.396429 
13418.361647 
(12,3) 12025.738942 4.041829 
12025.738942 
(12,11) 13727.646295 61.044765 
13727.646295 
(12,13) 14987.743794 3.807356 
14987.743794 
(13,12) 15088.803887 3.829353 
15088.803887 
(13,24) 8419.504892 75.798878 
8419.504892 
(14,11) 13410.202791 38.312848 
13410.202791 
(14,15) 7923.554771 73.427390 
7923.554771 
(14,23) 11469.634023 21.652183 
11469.634023 
(15,10) 31509.197608 32.614183 
31509.197608 
(15,14) 7967.139614 74.945444 
7967.139614 
(15,19) 7099.451068 64.773861 
7099.451068 
(15,22) 23587.942074 19.407261 
23587.942074 
(16,8) 6452.221880 37.084148 
6452.221880 
(16,10) 16737.211567 88.753214 
16737.211567 
(16,17) 8478.296875 35.151168 
8478.296875 
(16,18) 15009.608947 25.731439 
15009.608947 
(17,10) 7702.293535 116.681983 
7702.293535 
(17,16) 8466.250918 34.963165 
8466.250918 
(17,19) 9789.120355 83.396254 
9789.120355 
(18,7) 17347.647341 3.449046 
17347.647341 
(18,16) 15039.922166 25.915628 
15039.922166 
(18,20) 7867.040946 80.885980 
7867.040946 
(19,15) 7122.225048 65.570328 
7122.225048 
(19,17) 9792.208768 83.499023 
9792.208768 
(19,20) 9509.413934 11.833945 
9509.413934 
(20,18) 7867.825848 80.916669 
7867.825848 
(20,19) 9535.276328 11.919516 
9535.276328 
(20,21) 13010.545391 45.341648 
13010.545391 
(20,22) 7318.311522 56.861132 
7318.311522 
(21,20) 12959.144430 44.723612 
12959.144430 
(21,22) 12414.227283 11.524082 
12414.227283 
(21,24) 9329.426266 98.756182 
9329.426266 
(22,15) 23611.978385 19.474240 
23611.978385 
(22,20) 7296.359779 56.241683 
7296.359779 
(22,21) 12412.142715 11.517687 
12412.142715 
(22,23) 0.000000 9999.000000 
0.000000 
(23,14) 11417.890324 21.335790 
11417.890324 
(23,22) 0.000000 9999.000000 
0.000000 
(23,24) 9644.737743 5.902458 
9644.737743 
(24,13) 8420.564985 75.835045 
8420.564985 
(24,21) 9280.109872 96.747468 
9280.109872 
(24,23) 9592.994043 5.819383 
9592.994043 
