(1,2) 5042.818307 6.020694 
5042.818307 
(1,3) 8459.276711 4.163864 
8459.276711 
(2,1) 5059.276711 6.020965 
5059.276711 
(2,6) 4242.818307 11.434421 
4242.818307 
(3,1) 8442.818307 4.162592 
8442.818307 
(3,4) 15538.081228 4.408026 
15538.081228 
(3,12) 10138.635006 4.021132 
10138.635006 
(4,3) 15511.404366 4.405231 
15511.404366 
(4,5) 17770.281726 6.786505 
17770.281726 
(4,11) 6049.338125 39.211089 
6049.338125 
(5,4) 17826.105778 6.846935 
17826.105778 
(5,6) 8950.103364 10.423124 
8950.103364 
(5,9) 15320.178362 71.105338 
15320.178362 
(6,2) 4259.276711 11.534843 
4259.276711 
(6,5) 8965.673641 10.467937 
8965.673641 
(6,8) 10992.921671 123.733537 
10992.921671 
(7,8) 16944.920080 12.810814 
16944.920080 
(7,18) 20000.710846 4.560364 
20000.710846 
(8,6) 11024.950352 125.158467 
11024.950352 
(8,7) 16900.710846 12.708829 
16900.710846 
(8,9) 6180.139454 63.823556 
6180.139454 
(8,16) 5411.752788 20.878342 
5411.752788 
(9,5) 15360.432137 71.802849 
15360.432137 
(9,8) 6157.851782 63.051322 
6157.851782 
(9,10) 18300.636399 24.536047 
18300.636399 
(10,9) 18418.602502 25.096726 
18418.602502 
(10,11) 29811.421160 64.236854 
29811.421160 
(10,15) 29539.348940 26.557365 
29539.348940 
(10,16) 15542.476681 67.023810 
15542.476681 
(10,17) 7087.321548 85.912267 
7087.321548 
(11,4) 6066.837211 39.597042 
6066.837211 
(11,10) 29680.612612 63.203983 
29680.612612 
(11,12) 12177.746892 40.087839 
12177.746892 
(11,14) 12865.525473 33.068693 
12865.525473 
(12,3) 10148.853463 4.021218 
10148.853463 
(12,11) 12169.921841 40.000308 
12169.921841 
(12,13) 14467.640001 3.700988 
14467.640001 
(13,12) 14570.033408 3.721045 
14570.033408 
(13,24) 8067.640001 64.528162 
8067.640001 
(14,11) 12860.041062 33.019158 
12860.041062 
(14,15) 2327.149632 69.444953 
2327.149632 
(14,23) 8352.263845 8.963831 
8352.263845 
(15,10) 29650.497213 26.868522 
29650.497213 
(15,14) 2339.824469 70.860464 
2339.824469 
(15,19) 16229.627837 14.100799 
16229.627837 
(15,22) 19536.708685 10.721141 
19536.708685 
(16,8) 5421.859907 20.997293 
5421.859907 
(16,10) 15571.226433 67.491419 
15571.226433 
(16,17) 7860.843380 26.498581 
7860.843380 
(16,18) 21177.326835 3.603401 
21177.326835 
(17,10) 7096.198174 86.303330 
7096.198174 
(17,16) 7849.450383 26.356863 
7849.450383 
(17,19) 9148.164928 64.081999 
9148.164928 
(18,7) 20044.920080 4.583077 
20044.920080 
(18,16) 21227.576702 3.609148 
21227.576702 
(18,20) 11279.320658 71.570412 
11279.320658 
(19,15) 16260.940033 14.186715 
16260.940033 
(19,17) 9145.648558 64.013720 
9145.648558 
(19,20) 10417.167228 15.281427 
10417.167228 
(20,18) 11273.779759 71.437736 
11273.779759 
(20,19) 10445.963053 15.406685 
10445.963053 
(20,21) 8802.500449 14.243180 
8802.500449 
(20,22) 5264.045104 18.882793 
5264.045104 
(21,20) 8746.750745 14.036326 
8746.750745 
(21,22) 9007.370630 4.639590 
9007.370630 
(21,24) 8499.863015 68.977337 
8499.863015 
(22,15) 19529.219599 10.709309 
19529.219599 
(22,20) 5243.049735 18.662631 
5243.049735 
(22,21) 8995.367970 4.625549 
8995.367970 
(22,23) 8063.508867 68.936292 
8063.508867 
(23,14) 8334.104597 8.920803 
8334.104597 
(23,22) 8023.021753 67.641894 
8023.021753 
(23,24) 8771.078441 4.669246 
8771.078441 
(24,13) 8070.033408 64.600021 
8070.033408 
(24,21) 8456.115970 67.629500 
8456.115970 
(24,23) 8712.432078 4.598568 
8712.432078 
