(1,2) 4821.778552 6.001081 
4821.778552 
(1,3) 8435.915401 4.010129 
8435.915401 
(2,1) 4852.041517 6.001108 
4852.041517 
(2,6) 6440.103336 7.134731 
6440.103336 
(3,1) 8405.652435 4.009984 
8405.652435 
(3,4) 16836.652434 4.562498 
16836.652434 
(3,12) 13273.284914 4.062079 
13273.284914 
(4,3) 16802.918613 4.558004 
16802.918613 
(4,5) 21098.477194 2.594464 
21098.477194 
(4,11) 5566.833126 7.488554 
5566.833126 
(5,4) 21169.751739 2.602538 
21169.751739 
(5,6) 8794.822150 9.988835 
8794.822150 
(5,9) 18318.066429 13.444614 
18318.066429 
(6,2) 6470.366301 7.175140 
6470.366301 
(6,5) 8804.847032 10.016187 
8804.847032 
(6,8) 13320.514101 18.402939 
13320.514101 
(7,8) 12245.713022 5.675983 
12245.713022 
(7,18) 15297.080687 2.054756 
15297.080687 
(8,6) 13360.801948 18.602284 
13360.801948 
(8,7) 12184.891854 5.623214 
12184.891854 
(8,9) 6846.374672 15.066429 
6846.374672 
(8,16) 8432.267755 10.849395 
8432.267755 
(9,5) 18379.316093 13.558126 
18379.316093 
(9,8) 6809.351794 14.957725 
6809.351794 
(9,10) 21892.763034 5.756662 
21892.763034 
(10,9) 22016.989820 5.819766 
22016.989820 
(10,11) 20367.517790 17.906654 
20367.517790 
(10,15) 23603.270262 14.380163 
23603.270262 
(10,16) 11039.655715 20.041533 
11039.655715 
(10,17) 8572.273087 18.421766 
8572.273087 
(11,4) 5561.824760 7.483204 
5561.824760 
(11,10) 20284.385606 17.697221 
20284.385606 
(11,12) 8106.024517 12.692114 
8106.024517 
(11,14) 10074.068729 14.927857 
10074.068729 
(12,3) 13276.755770 4.062144 
13276.755770 
(12,11) 8120.274256 12.739295 
8120.274256 
(12,13) 15279.309431 3.054502 
15279.309431 
(13,12) 15397.030026 3.056201 
15397.030026 
(13,24) 10702.969974 15.718410 
10702.969974 
(14,11) 10071.678439 14.917490 
10071.678439 
(14,15) 0.000000 9999.000000 
0.000000 
(14,23) 9359.085483 11.825892 
9359.085483 
(15,10) 23646.294212 14.441432 
23646.294212 
(15,14) 0.000000 9999.000000 
0.000000 
(15,19) 16402.095095 3.723765 
16402.095095 
(15,22) 19326.516708 10.394183 
19326.516708 
(16,8) 8448.757312 10.895284 
8448.757312 
(16,10) 11055.265650 20.132456 
11055.265650 
(16,17) 10851.992435 7.561377 
10851.992435 
(16,18) 15524.708959 3.174267 
15524.708959 
(17,10) 8620.998173 18.660744 
8620.998173 
(17,16) 10817.325009 7.490652 
10817.325009 
(17,19) 8961.676818 5.573279 
8961.676818 
(18,7) 15357.901855 2.055632 
15357.901855 
(18,16) 15591.475876 3.177284 
15591.475876 
(18,20) 18970.203050 4.259011 
18970.203050 
(19,15) 16407.488241 3.724717 
16407.488241 
(19,17) 8975.734478 5.595752 
8975.734478 
(19,20) 8646.695065 9.355081 
8646.695065 
(20,18) 18997.791135 4.260521 
18997.791135 
(20,19) 8666.145870 9.403429 
8666.145870 
(20,21) 7055.953287 9.403246 
7055.953287 
(20,22) 8157.031429 10.002729 
8157.031429 
(21,20) 7022.804492 9.339741 
7022.804492 
(21,22) 9105.900827 4.756995 
9105.900827 
(21,24) 11643.656772 17.520604 
11643.656772 
(22,15) 19264.147512 10.299196 
19264.147512 
(22,20) 8137.219115 9.954302 
8137.219115 
(22,21) 9134.840740 4.792211 
9134.840740 
(22,23) 11348.707397 19.924171 
11348.707397 
(23,14) 9356.695194 11.817900 
9356.695194 
(23,22) 11295.465799 19.627439 
11295.465799 
(23,24) 6922.939713 3.035950 
6922.939713 
(24,13) 10720.690569 15.796210 
10720.690569 
(24,21) 11581.568065 17.213353 
11581.568065 
(24,23) 6867.307826 3.003050 
6867.307826 
