(1,2) 7308.043578 6.091276 
7308.043578 
(1,3) 4757.475110 98.132187 
4757.475110 
(2,1) 7305.879471 6.091167 
7305.879471 
(2,6) 10108.043578 212.281330 
10108.043578 
(3,1) 4759.639217 98.303581 
4759.639217 
(3,4) 0.000000 9999.000000 
0.000000 
(3,12) 5691.956422 4.002099 
5691.956422 
(4,3) 0.000000 9999.000000 
0.000000 
(4,5) 9079.196965 2.326160 
9079.196965 
(4,11) 7785.375243 97.110804 
7785.375243 
(5,4) 9131.074688 2.333679 
9131.074688 
(5,6) 9370.165111 11.716548 
9370.165111 
(5,9) 15942.787149 82.524369 
15942.787149 
(6,2) 10105.879471 212.103873 
10105.879471 
(6,5) 9367.655669 11.708285 
9367.655669 
(6,8) 5540.387910 209.804976 
5540.387910 
(7,8) 8085.777721 3.508668 
8085.777721 
(7,18) 10081.363398 98.446647 
10081.363398 
(8,6) 5535.714360 209.104694 
5535.714360 
(8,7) 8099.044026 3.512014 
8099.044026 
(8,9) 7292.555165 114.351375 
7292.555165 
(8,16) 8431.232586 98.544363 
8431.232586 
(9,5) 15997.174314 83.587659 
15997.174314 
(9,8) 7316.597105 115.734289 
7316.597105 
(9,10) 26444.553662 96.895806 
26444.553662 
(10,9) 26622.982767 99.455739 
26622.982767 
(10,11) 32236.365378 85.992637 
32236.365378 
(10,15) 26900.937076 20.139479 
26900.937076 
(10,16) 17995.181383 117.252727 
17995.181383 
(10,17) 4512.451475 520.653337 
4512.451475 
(11,4) 7833.497521 99.384441 
7833.497521 
(11,10) 32108.493965 84.715175 
32108.493965 
(11,12) 19380.503571 224.671371 
19380.503571 
(11,14) 11582.871011 23.097665 
11582.871011 
(12,3) 5694.120529 4.002103 
5694.120529 
(12,11) 19340.382381 222.866227 
19340.382381 
(12,13) 12484.061085 3.388636 
12484.061085 
(13,12) 12546.104002 3.396420 
12546.104002 
(13,24) 8651.574041 84.048271 
8651.574041 
(14,11) 11643.243064 23.498951 
11643.243064 
(14,15) 8275.929177 86.436065 
8275.929177 
(14,23) 10020.598354 14.284301 
10020.598354 
(15,10) 27685.978299 21.863655 
27685.978299 
(15,14) 8337.727343 88.895850 
8337.727343 
(15,19) 19617.203614 26.695637 
19617.203614 
(15,22) 14824.244035 5.559565 
14824.244035 
(16,8) 8415.783403 97.860612 
8415.783403 
(16,10) 17797.292034 112.352631 
17797.292034 
(16,17) 15814.367488 403.302312 
15814.367488 
(16,18) 19487.320543 3.432643 
19487.320543 
(17,10) 4131.600120 368.285459 
4131.600120 
(17,16) 14111.926129 256.454147 
14111.926129 
(17,19) 5156.473751 313.152968 
5156.473751 
(18,7) 10068.097092 97.939983 
10068.097092 
(18,16) 20976.423371 3.580827 
20976.423371 
(18,20) 20386.364569 9.527250 
20386.364569 
(19,15) 20944.717020 33.790587 
20944.717020 
(19,17) 3073.181037 480.921593 
3073.181037 
(19,20) 15744.022578 62.861093 
15744.022578 
(20,18) 21762.201091 11.177303 
21762.201091 
(20,19) 14988.243269 52.346879 
14988.243269 
(20,21) 6413.822314 8.323476 
6413.822314 
(20,22) 8084.298987 82.226774 
8084.298987 
(21,20) 6639.887138 8.668783 
6639.887138 
(21,22) 6256.577125 73.915888 
6256.577125 
(21,24) 4157.245189 324.332152 
4157.245189 
(22,15) 14243.570018 5.181480 
14243.570018 
(22,20) 8378.291375 94.088217 
8378.291375 
(22,21) 6493.029854 85.419433 
6493.029854 
(22,23) 8835.773416 97.620185 
8835.773416 
(23,14) 10019.172241 14.278448 
10019.172241 
(23,22) 8785.544517 95.509451 
8785.544517 
(23,24) 9556.371769 153.366043 
9556.371769 
(24,13) 8613.616958 82.652705 
8613.616958 
(24,21) 4146.857284 321.132459 
4146.857284 
(24,23) 9504.716757 150.119770 
9504.716757 
