(1,2) 12156.255571 502.116868 
12156.255571 
(1,3) 17360.210017 6.906497 
17360.210017 
(2,1) 17634.309016 2202.941503 
17634.309016 
(2,6) 15156.255571 1052.754280 
15156.255571 
(3,1) 11882.156572 4.637868 
11882.156572 
(3,4) 11534.299017 4.123898 
11534.299017 
(3,12) 16743.459859 4.157185 
16743.459859 
(4,3) 15583.215183 4.412787 
15583.215183 
(4,5) 9160.234677 2733.449656 
9160.234677 
(4,11) 2756.540141 2787.069710 
2756.540141 
(5,4) 12346.278301 9015.865003 
12346.278301 
(5,6) 0.000000 9999.000000 
0.000000 
(5,9) 13260.234677 42.101040 
13260.234677 
(6,2) 20634.309016 3604.577138 
20634.309016 
(6,5) 0.000000 9999.000000 
0.000000 
(6,8) 19556.255571 1221.271781 
19556.255571 
(7,8) 25493.146092 53.262108 
25493.146092 
(7,18) 25432.577752 8.693935 
25432.577752 
(8,6) 25034.309016 3276.161826 
25034.309016 
(8,7) 21532.577752 28.581798 
21532.577752 
(8,9) 5626.494137 46.976923 
5626.494137 
(8,16) 6630.849865 40.787398 
6630.849865 
(9,5) 16446.278301 92.791362 
16446.278301 
(9,8) 6080.705222 60.442324 
6080.705222 
(9,10) 20753.062630 38.614759 
20753.062630 
(10,9) 24493.317340 72.102167 
24493.317340 
(10,11) 19434.895595 15.700156 
19434.895595 
(10,15) 26480.601419 19.276241 
26480.601419 
(10,16) 15266.646107 62.667598 
15266.646107 
(10,17) 6242.823936 54.903110 
6242.823936 
(11,4) 3719.412683 9224.325962 
3719.412683 
(11,10) 26778.696601 43.567279 
26778.696601 
(11,12) 0.000000 9999.000000 
0.000000 
(11,14) 16134.895595 75.908466 
16134.895595 
(12,3) 7216.490247 4.005424 
7216.490247 
(12,11) 9426.969612 2778.494347 
9426.969612 
(12,13) 0.000000 9999.000000 
0.000000 
(13,12) 0.000000 9999.000000 
0.000000 
(13,24) 14600.000000 653.206508 
14600.000000 
(14,11) 15114.599531 59.373499 
15114.599531 
(14,15) 8309.268593 87.756271 
8309.268593 
(14,23) 14126.054720 44.614743 
14126.054720 
(15,10) 24351.198475 15.493910 
24351.198475 
(15,14) 7891.159124 72.315167 
7891.159124 
(15,19) 19828.752740 27.734411 
19828.752740 
(15,22) 23107.068239 18.109680 
23107.068239 
(16,8) 7694.123885 69.876893 
7694.123885 
(16,10) 13935.326691 44.727933 
13935.326691 
(16,17) 8945.662051 43.087934 
8945.662051 
(16,18) 21043.473571 3.588289 
21043.473571 
(17,10) 6000.000000 48.020480 
6000.000000 
(17,16) 9399.105993 52.073799 
9399.105993 
(17,19) 8000.894007 38.323176 
8000.894007 
(18,7) 29393.146092 13.942748 
29393.146092 
(18,16) 20321.984232 3.511665 
20321.984232 
(18,20) 23483.608979 13.732162 
23483.608979 
(19,15) 18533.736288 21.878692 
18533.736288 
(19,17) 8211.514013 42.301638 
8211.514013 
(19,20) 13122.139776 32.404304 
13122.139776 
(20,18) 26622.687982 20.075245 
26622.687982 
(20,19) 12037.743330 24.116194 
12037.743330 
(20,21) 10517.034725 22.797466 
10517.034725 
(20,22) 6193.994637 31.612258 
6193.994637 
(21,20) 11835.993165 32.945693 
11835.993165 
(21,22) 11411.125873 8.799208 
11411.125873 
(21,24) 9312.414332 98.059656 
9312.414332 
(22,15) 21754.572279 14.870747 
21754.572279 
(22,20) 6829.718752 44.337767 
6829.718752 
(22,21) 12402.644007 11.488586 
12402.644007 
(22,23) 8861.530948 98.716633 
8861.530948 
(23,14) 13523.868123 38.119596 
13523.868123 
(23,22) 9136.277238 111.020825 
9136.277238 
(23,24) 11829.718678 10.832308 
11829.718678 
(24,13) 14500.000000 635.601933 
14500.000000 
(24,21) 9639.854639 112.151326 
9639.854639 
(24,23) 11502.278372 9.894271 
11502.278372 
