(1,2) 4659.811834 6.288107 
4659.811834 
(1,3) 8073.061727 4.135926 
8073.061727 
(2,1) 4673.061727 6.291398 
4673.061727 
(2,6) 4586.694239 13.788018 
4586.694239 
(3,1) 8059.811834 4.135036 
8059.811834 
(3,4) 17123.114031 4.601768 
17123.114031 
(3,12) 9482.963249 4.016174 
9482.963249 
(4,3) 17083.019117 4.596151 
17083.019117 
(4,5) 19290.344658 8.646625 
19290.344658 
(4,11) 8032.769373 109.255424 
8032.769373 
(5,4) 19336.114042 8.709931 
19336.114042 
(5,6) 8741.342627 9.844490 
8741.342627 
(5,9) 16775.884436 100.043616 
16775.884436 
(6,2) 4599.944132 13.890005 
4599.944132 
(6,5) 8758.723586 9.891113 
8758.723586 
(6,8) 11401.154461 142.848759 
11401.154461 
(7,8) 20708.265345 24.883755 
20708.265345 
(7,18) 23750.914122 7.091448 
23750.914122 
(8,6) 11431.785313 144.368512 
11431.785313 
(8,7) 20650.914122 24.642333 
20650.914122 
(8,9) 5861.378026 53.549003 
5861.378026 
(8,16) 1489.615016 36.005123 
1489.615016 
(9,5) 16804.272861 100.688588 
16804.272861 
(9,8) 5831.185612 52.658615 
5831.185612 
(9,10) 20336.509760 35.840284 
20336.509760 
(10,9) 20434.705771 36.479178 
20434.705771 
(10,11) 25332.921605 35.888896 
25332.921605 
(10,15) 30473.681881 29.284316 
30473.681881 
(10,16) 14584.419847 52.863029 
14584.419847 
(10,17) 6999.927770 82.139820 
6999.927770 
(11,4) 8046.905075 109.984161 
8046.905075 
(11,10) 25207.058628 35.279587 
25207.058628 
(11,12) 16417.036751 118.592842 
16417.036751 
(11,14) 13209.630429 36.305618 
13209.630429 
(12,3) 9509.808271 4.016358 
9509.808271 
(12,11) 16390.191729 117.858202 
16390.191729 
(12,13) 14500.000000 3.707281 
14500.000000 
(13,12) 14600.000000 3.726995 
14600.000000 
(13,24) 0.000000 9999.000000 
0.000000 
(14,11) 13224.748174 36.453761 
13224.748174 
(14,15) 6804.280504 42.211618 
6804.280504 
(14,23) 11195.479873 20.024003 
11195.479873 
(15,10) 30551.067252 29.521733 
30551.067252 
(15,14) 6835.992718 42.910201 
6835.992718 
(15,19) 17832.660543 19.180225 
17832.660543 
(15,22) 21906.610696 15.206092 
21906.610696 
(16,8) 1493.087059 36.295206 
1493.087059 
(16,10) 14622.858774 53.380206 
14622.858774 
(16,17) 8668.236132 38.223240 
8668.236132 
(16,18) 25485.632882 4.265619 
25485.632882 
(17,10) 7008.162461 82.489307 
7008.162461 
(17,16) 8660.607617 38.095894 
8660.607617 
(17,19) 7731.229921 33.668253 
7731.229921 
(18,7) 23808.265345 7.140803 
23808.265345 
(18,16) 25535.172367 4.275488 
25535.172367 
(18,20) 21677.367537 11.066041 
21677.367537 
(19,15) 17860.856497 19.282801 
17860.856497 
(19,17) 7731.836098 33.678186 
7731.836098 
(19,20) 11320.541894 19.733827 
11320.541894 
(20,18) 21684.258245 11.075030 
21684.258245 
(20,19) 11349.344025 19.894562 
11349.344025 
(20,21) 8120.127733 11.969280 
8120.127733 
(20,22) 5694.831196 24.016117 
5694.831196 
(21,20) 8078.290192 11.847205 
8078.290192 
(21,22) 4327.150029 25.887704 
4327.150029 
(21,24) 7392.977704 40.759363 
7392.977704 
(22,15) 21887.512326 15.163582 
21887.512326 
(22,20) 5672.361575 23.717768 
5672.361575 
(22,21) 4332.199322 25.999396 
4332.199322 
(22,23) 7302.049799 47.668711 
7302.049799 
(23,14) 11178.885404 19.929208 
11178.885404 
(23,22) 7265.531101 46.801667 
7265.531101 
(23,24) 11346.090870 9.474146 
11346.090870 
(24,13) 0.000000 9999.000000 
0.000000 
(24,21) 7346.090870 39.810546 
7346.090870 
(24,23) 11292.977704 9.335174 
11292.977704 
