(1,2) 4000.000000 6.322006 
4000.000000 
(1,3) 12600.000000 26.465495 
12600.000000 
(2,1) 4000.000000 6.322006 
4000.000000 
(2,6) 0.000000 9999.000000 
0.000000 
(3,1) 12600.000000 26.465495 
12600.000000 
(3,4) 20004.523231 5.121014 
20004.523231 
(3,12) 16628.058395 4.152896 
16628.058395 
(4,3) 19924.439212 5.103170 
19924.439212 
(4,5) 25911.332382 23.637158 
25911.332382 
(4,11) 6408.898989 47.839394 
6408.898989 
(5,4) 25933.338201 23.710755 
25933.338201 
(5,6) 17204.443483 91.699394 
17204.443483 
(5,9) 10653.343476 20.456991 
10653.343476 
(6,2) 0.000000 9999.000000 
0.000000 
(6,5) 17262.575347 92.890720 
17262.575347 
(6,8) 19004.443483 1089.372466 
19004.443483 
(7,8) 30014.297273 99.573880 
30014.297273 
(7,18) 32362.552171 19.550562 
32362.552171 
(8,6) 19062.575347 1102.738100 
19062.575347 
(8,7) 29916.824169 98.325462 
29916.824169 
(8,9) 6651.721926 1195.809531 
6651.721926 
(8,16) -0.000000 9999.000000 
-0.000000 
(9,5) 10617.217431 20.248394 
10617.217431 
(9,8) 6612.380686 1168.003815 
6612.380686 
(9,10) 6537.615057 11167.998417 
6537.615057 
(10,9) 6562.147772 11185.644324 
6562.147772 
(10,11) 9443.212827 11191.688243 
9443.212827 
(10,15) 4402.739460 10015.906785 
4402.739460 
(10,16) 20300.168958 187.409728 
20300.168958 
(10,17) 6342.854109 57.982294 
6342.854109 
(11,4) 6406.809151 47.784848 
6406.809151 
(11,10) 9408.147470 11174.071498 
9408.147470 
(11,12) 12075.697976 38.959504 
12075.697976 
(11,14) 10450.428920 361.256402 
10450.428920 
(12,3) 16708.142414 4.155863 
16708.142414 
(12,11) 12081.009823 39.017535 
12081.009823 
(12,13) 18641.256383 34.139106 
18641.256383 
(13,12) 18826.652249 35.396480 
18826.652249 
(13,24) 16986.984384 1193.697617 
16986.984384 
(14,11) 10507.961878 369.188852 
10507.961878 
(14,15) 15150.428920 919.638406 
15150.428920 
(14,23) 0.000000 9999.000000 
0.000000 
(15,10) 4370.216973 10015.412740 
4370.216973 
(15,14) 15207.961878 933.610910 
15207.961878 
(15,19) 19182.115509 24.662371 
19182.115509 
(15,22) 18224.301371 8.846277 
18224.301371 
(16,8) 0.000000 9999.000000 
0.000000 
(16,10) 20228.900892 184.847663 
20228.900892 
(16,17) 12211.003996 144.649367 
12211.003996 
(16,18) 44148.993031 9758.334417 
44148.993031 
(17,10) 6406.242734 60.010479 
6406.242734 
(17,16) 12148.824073 141.765933 
12148.824073 
(17,19) 7942.906910 9924.866201 
7942.906910 
(18,7) 32460.025274 19.762962 
32460.025274 
(18,16) 44139.904888 9750.304291 
44139.904888 
(18,20) 36947.334585 7.727026 
36947.334585 
(19,15) 19041.196528 24.032792 
19041.196528 
(19,17) 7944.115612 9930.907580 
7944.115612 
(19,20) 14637.999896 47.983772 
14637.999896 
(20,18) 36935.719546 7.722342 
36935.719546 
(20,19) 14498.289617 46.328472 
14498.289617 
(20,21) 13876.091863 56.902511 
13876.091863 
(20,22) 7603.421121 65.427497 
7603.421121 
(21,20) 13679.639602 54.080521 
13679.639602 
(21,22) 11802.921406 9.782201 
11802.921406 
(21,24) 8619.501168 72.771106 
8619.501168 
(22,15) 18290.230823 8.931337 
18290.230823 
(22,20) 7548.548064 63.701895 
7548.548064 
(22,21) 11746.287581 9.633907 
11746.287581 
(22,23) 16052.879082 67.750408 
16052.879082 
(23,14) 0.000000 9999.000000 
0.000000 
(23,22) 16007.301653 67.029484 
16007.301653 
(23,24) 11902.586379 11.051945 
11902.586379 
(24,13) 17072.380250 1217.801702 
17072.380250 
(24,21) 8479.682732 68.352994 
8479.682732 
(24,23) 11857.008949 10.914092 
11857.008949 
