(1,2) 5676.073453 6.002076 
5676.073453 
(1,3) 6923.926547 6.308185 
6923.926547 
(2,1) 5899.892384 6.002423 
5899.892384 
(2,6) 5676.073453 25.610275 
5676.073453 
(3,1) 6700.107616 6.023894 
6700.107616 
(3,4) 11049.994633 4.104363 
11049.994633 
(3,12) 2718.875105 9999.273202 
2718.875105 
(4,3) 10918.974903 4.099501 
10918.974903 
(4,5) 22104.633538 13.459733 
22104.633538 
(4,11) 15454.478770 1420.715559 
15454.478770 
(5,4) 22073.461490 13.395228 
22073.461490 
(5,6) 9429.993565 11.915524 
9429.993565 
(5,9) 16974.639972 104.628487 
16974.639972 
(6,2) 5899.892384 29.058477 
5899.892384 
(6,5) 9343.916119 11.630444 
9343.916119 
(6,8) 14706.067018 391.891591 
14706.067018 
(7,8) 20342.942353 23.379899 
20342.942353 
(7,18) 23536.033324 6.909679 
23536.033324 
(8,6) 14843.808504 406.705473 
14843.808504 
(8,7) 20150.297990 22.618819 
20150.297990 
(8,9) 9514.916626 312.412149 
9514.916626 
(8,16) 6225.057257 32.798844 
6225.057257 
(9,5) 17029.545371 105.923769 
17029.545371 
(9,8) 9409.084428 299.180329 
9409.084428 
(9,10) 9965.555544 925.771803 
9965.555544 
(10,9) 10014.628744 944.082452 
10014.628744 
(10,11) 26193.014148 1228.010691 
26193.014148 
(10,15) 27903.242389 22.367504 
27903.242389 
(10,16) 0.000000 9999.000000 
0.000000 
(10,17) 9882.579891 302.549729 
9882.579891 
(11,4) 15454.631087 1420.771333 
15454.631087 
(11,10) 26102.618502 1211.214786 
26102.618502 
(11,12) 10030.517670 8582.657158 
10030.517670 
(11,14) 26322.940417 513.393017 
26322.940417 
(12,3) 2626.075903 9999.237769 
2626.075903 
(12,11) 10030.496491 8582.584723 
10030.496491 
(12,13) 1243.427606 9999.127479 
1243.427606 
(13,12) 1250.607226 9999.130448 
1250.607226 
(13,24) 13349.392774 457.750887 
13349.392774 
(14,11) 26332.718267 514.150310 
26332.718267 
(14,15) 2559.660261 1747.844463 
2559.660261 
(14,23) 19788.215406 160.396377 
19788.215406 
(15,10) 27951.776999 22.481679 
27951.776999 
(15,14) 2565.274989 1763.186877 
2565.274989 
(15,19) 29391.669990 122.403494 
29391.669990 
(15,22) 18545.094684 9.268911 
18545.094684 
(16,8) 6275.986579 33.719797 
6275.986579 
(16,10) 0.000000 9999.000000 
0.000000 
(16,17) 15175.579806 342.287132 
15175.579806 
(16,18) 17280.115956 3.267490 
17280.115956 
(17,10) 9873.514129 301.470397 
9873.514129 
(17,16) 15205.936002 345.018062 
15205.936002 
(17,19) 11502.065677 157.143334 
11502.065677 
(18,7) 23728.677687 7.072407 
23728.677687 
(18,16) 17300.689082 3.268766 
17300.689082 
(18,20) 25885.510775 256.852309 
25885.510775 
(19,15) 29364.314149 121.959582 
29364.314149 
(19,17) 11523.356110 158.295214 
11523.356110 
(19,20) 22268.313880 239.567214 
22268.313880 
(20,18) 25998.728264 261.305095 
25998.728264 
(20,19) 22262.248472 239.310665 
22262.248472 
(20,21) 0.000000 9999.000000 
0.000000 
(20,22) 11923.262304 370.408646 
11923.262304 
(21,20) 0.000000 9999.000000 
0.000000 
(21,22) 0.000000 9999.000000 
0.000000 
(21,24) 11000.000000 188.062240 
11000.000000 
(22,15) 18526.599863 9.243941 
18526.599863 
(22,20) 11930.414384 371.286186 
11930.414384 
(22,21) 0.000000 9999.000000 
0.000000 
(22,23) 18668.356988 1869.587419 
18668.356988 
(23,14) 19792.378528 160.528032 
19792.378528 
(23,22) 18657.014247 1865.057487 
18657.014247 
(23,24) 28356.572394 293.602658 
28356.572394 
(24,13) 13256.572394 445.261902 
13256.572394 
(24,21) 11000.000000 188.062240 
11000.000000 
(24,23) 28349.392774 293.307446 
28349.392774 
