(1,2) 3167.987246 6.003223 
3167.987246 
(1,3) 10048.786281 639.034907 
10048.786281 
(2,1) 2719.806306 6.001751 
2719.806306 
(2,6) 2551.213719 1084.210771 
2551.213719 
(3,1) 10496.967221 21.795472 
10496.967221 
(3,4) 30108.259845 9.752289 
30108.259845 
(3,12) 21495.502891 4.426993 
21495.502891 
(4,3) 30520.435972 10.073807 
30520.435972 
(4,5) 22927.924179 437.091761 
22927.924179 
(4,11) 14580.335666 1126.783607 
14580.335666 
(5,4) 23345.709384 469.681522 
23345.709384 
(5,6) 7335.623597 6.898560 
7335.623597 
(5,9) 26475.527056 594.603026 
26475.527056 
(6,2) 2103.032779 503.313981 
2103.032779 
(6,5) 7782.192111 7.671486 
7782.192111 
(6,8) 6103.610843 968.495208 
6103.610843 
(7,8) 8716.260168 139.577459 
8716.260168 
(7,18) 12368.269901 2.374417 
12368.269901 
(8,6) 6101.998417 967.474314 
6101.998417 
(8,7) 8707.869329 139.052305 
8707.869329 
(8,9) 10026.914720 382.948247 
10026.914720 
(8,16) 9213.898757 138.421889 
9213.898757 
(9,5) 26446.743747 592.043218 
26446.743747 
(9,8) 10008.412849 380.203170 
10008.412849 
(9,10) 28957.369812 138.001215 
28957.369812 
(10,9) 29010.084633 138.986943 
29010.084633 
(10,11) 26897.572803 44.256686 
26897.572803 
(10,15) 31990.304145 34.277254 
31990.304145 
(10,16) 6883.277445 380.172782 
6883.277445 
(10,17) 8956.616904 206.725357 
8956.616904 
(11,4) 14674.726588 1156.089808 
14674.726588 
(11,10) 26664.365503 42.912837 
26664.365503 
(11,12) 0.000000 9999.000000 
0.000000 
(11,14) 13430.151282 38.517474 
13430.151282 
(12,3) 21531.507704 4.429861 
21531.507704 
(12,11) 0.000000 9999.000000 
0.000000 
(12,13) 13117.220158 3.473682 
13117.220158 
(13,12) 13253.224971 3.493635 
13253.224971 
(13,24) 5440.526436 1177.460221 
5440.526436 
(14,11) 13391.334904 38.120145 
13391.334904 
(14,15) 7143.383096 50.202816 
7143.383096 
(14,23) 10273.868282 15.364129 
10273.868282 
(15,10) 32162.453853 34.890860 
32162.453853 
(15,14) 7143.717001 50.211268 
7143.717001 
(15,19) 26536.186982 82.336686 
26536.186982 
(15,22) 19297.500259 10.349877 
19297.500259 
(16,8) 9222.397363 138.914827 
9222.397363 
(16,10) 6897.383763 383.265929 
6897.383763 
(16,17) 2977.154296 425.670805 
2977.154296 
(16,18) 10583.206200 3.037635 
10583.206200 
(17,10) 8956.282999 206.695725 
8956.282999 
(17,16) 2969.512550 421.337620 
2969.512550 
(17,19) 11474.204451 155.645584 
11474.204451 
(18,7) 12376.660739 2.375434 
12376.660739 
(18,16) 10613.452868 3.038067 
10613.452868 
(18,20) 22496.548805 12.196219 
22496.548805 
(19,15) 26650.423037 83.711685 
26650.423037 
(19,17) 11466.228800 155.218837 
11466.228800 
(19,20) 22523.291336 250.543142 
22523.291336 
(20,18) 22435.186312 12.107159 
22435.186312 
(20,19) 22629.551741 255.228736 
22629.551741 
(20,21) 0.000000 9999.000000 
0.000000 
(20,22) 11566.997065 328.653962 
11566.997065 
(21,20) 0.000000 9999.000000 
0.000000 
(21,22) 12505.712985 11.807949 
12505.712985 
(21,24) 7553.292536 44.142653 
7553.292536 
(22,15) 19255.747816 10.286474 
19255.747816 
(22,20) 11511.894977 322.530686 
11511.894977 
(22,21) 12573.953330 12.023785 
12573.953330 
(22,23) 3756.675497 58.854644 
3756.675497 
(23,14) 10234.718000 15.191897 
10234.718000 
(23,22) 3728.061311 57.202355 
3728.061311 
(23,24) 6317.841111 2.718541 
6317.841111 
(24,13) 5476.531249 1208.833273 
5476.531249 
(24,21) 7485.052191 42.675865 
7485.052191 
(24,23) 6250.076643 2.688205 
6250.076643 
