(1,2) 3786.058527 6.000411 
3786.058527 
(1,3) 7394.911035 13.198514 
7394.911035 
(2,1) 3794.911035 6.000415 
3794.911035 
(2,6) 5205.088965 19.574860 
5205.088965 
(3,1) 7386.058527 13.154547 
7386.058527 
(3,4) 13083.376116 4.205106 
13083.376116 
(3,12) 10880.156215 11.242827 
10880.156215 
(4,3) 13072.162653 4.204403 
13072.162653 
(4,5) 17166.871792 6.168750 
17166.871792 
(4,11) 2901.148895 56.016259 
2901.148895 
(5,4) 17248.874806 6.248976 
17248.874806 
(5,6) 8772.876501 9.929282 
8772.876501 
(5,9) 15860.948118 80.944762 
15860.948118 
(6,2) 5213.941473 19.674265 
5213.941473 
(6,5) 8805.229040 10.017231 
8805.229040 
(6,8) 10811.012639 115.873641 
10811.012639 
(7,8) 19499.679778 20.205087 
19499.679778 
(7,18) 23720.792908 7.065669 
23720.792908 
(8,6) 10852.217687 117.619661 
10852.217687 
(8,7) 19426.046748 19.946682 
19426.046748 
(8,9) 5578.710852 45.736720 
5578.710852 
(8,16) 865.404547 31.108082 
865.404547 
(9,5) 15910.598592 81.900174 
15910.598592 
(9,8) 5543.644532 44.846630 
5543.644532 
(9,10) 19532.497435 30.946816 
19532.497435 
(10,9) 19647.081588 31.608390 
19647.081588 
(10,11) 29693.728352 63.306932 
29693.728352 
(10,15) 26192.141877 18.707140 
26192.141877 
(10,16) 13975.570577 45.200449 
13975.570577 
(10,17) 6791.221323 73.685397 
6791.221323 
(11,4) 2907.932419 56.485699 
2907.932419 
(11,10) 29541.630190 62.121433 
29541.630190 
(11,12) 12938.107832 49.432494 
12938.107832 
(11,14) 10132.332673 15.182867 
10132.332673 
(12,3) 10882.517169 11.249116 
10882.517169 
(12,11) 12902.617362 48.957893 
12902.617362 
(12,13) 15124.211958 3.837165 
15124.211958 
(13,12) 15191.082442 3.852069 
15191.082442 
(13,24) 11272.285013 18.417810 
11272.285013 
(14,11) 10122.508505 15.139559 
10122.508505 
(14,15) 8160.365298 81.981811 
8160.365298 
(14,23) 12035.807217 25.404302 
12035.807217 
(15,10) 26316.926053 18.951033 
26316.926053 
(15,14) 8188.119116 83.034442 
8188.119116 
(15,19) 17954.850284 19.628273 
17954.850284 
(15,22) 19497.656891 10.659591 
19497.656891 
(16,8) 868.042886 31.427921 
868.042886 
(16,10) 14009.129958 45.597613 
14009.129958 
(16,17) 8776.795395 40.072224 
8776.795395 
(16,18) 24540.659830 4.088093 
24540.659830 
(17,10) 6799.560080 74.008605 
6799.560080 
(17,16) 8770.043448 39.955204 
8770.043448 
(17,19) 7830.396471 35.324585 
7830.396471 
(18,7) 23794.425938 7.128861 
23794.425938 
(18,16) 24583.609496 4.095731 
24583.609496 
(18,20) 19082.062563 4.265174 
19082.062563 
(19,15) 17991.352848 19.763908 
17991.352848 
(19,17) 7831.983282 35.351606 
7831.983282 
(19,20) 9828.105770 12.938091 
9828.105770 
(20,18) 19098.645258 4.266097 
19098.645258 
(20,19) 9866.195145 13.077459 
9866.195145 
(20,21) 9419.119612 16.807165 
9419.119612 
(20,22) 5549.908963 22.153070 
5549.908963 
(21,20) 9387.610638 16.663280 
9387.610638 
(21,22) 9557.456064 5.345905 
9557.456064 
(21,24) 4234.746203 122.541913 
4234.746203 
(22,15) 19513.692322 10.684820 
19513.692322 
(22,20) 5536.090008 21.982867 
5536.090008 
(22,21) 9538.605781 5.319586 
9538.605781 
(22,23) 6220.590051 118.989864 
6220.590051 
(23,14) 11998.229232 25.138238 
11998.229232 
(23,22) 6203.956244 117.764861 
6203.956244 
(23,24) 11088.160354 8.817333 
11088.160354 
(24,13) 11239.155497 18.249059 
11239.155497 
(24,21) 4222.087510 121.118949 
4222.087510 
(24,23) 11033.948562 8.684984 
11033.948562 
