(1,2) 5400.000000 6.001701 
5400.000000 
(1,3) 7600.000000 4.106759 
7600.000000 
(2,1) 5400.000000 6.001701 
5400.000000 
(2,6) 5000.000000 17.410000 
5000.000000 
(3,1) 7600.000000 4.106759 
7600.000000 
(3,4) 18476.379348 4.815766 
18476.379348 
(3,12) 15039.237114 4.102314 
15039.237114 
(4,3) 18439.237114 4.809226 
18439.237114 
(4,5) 18107.369289 7.160154 
18107.369289 
(4,11) 10565.485864 315.036356 
10565.485864 
(5,4) 18133.420346 7.189914 
18133.420346 
(5,6) 9524.887926 12.238982 
9524.887926 
(5,9) 12082.481363 30.574419 
12082.481363 
(6,2) 5000.000000 17.410000 
5000.000000 
(6,5) 9574.194088 12.410910 
9574.194088 
(6,8) 14315.950077 352.137323 
14315.950077 
(7,8) 22918.878561 35.833745 
22918.878561 
(7,18) 25948.605008 9.253975 
25948.605008 
(8,6) 14365.256240 356.985991 
14365.256240 
(8,7) 22848.605008 35.432895 
22848.605008 
(8,9) 9717.463478 338.996255 
9717.463478 
(8,16) 7046.223213 50.632990 
7046.223213 
(9,5) 12059.226258 30.378095 
12059.226258 
(9,8) 9678.878144 333.801886 
9678.878144 
(9,10) 9363.240894 314.543126 
9363.240894 
(10,9) 9401.400454 319.652990 
9401.400454 
(10,11) 25726.900935 37.855733 
25726.900935 
(10,15) 0.000000 9999.000000 
0.000000 
(10,16) 17872.137057 114.186833 
17872.137057 
(10,17) 8789.512604 192.304723 
8789.512604 
(11,4) 10602.292573 319.365239 
10602.292573 
(11,10) 25606.066426 37.242799 
25606.066426 
(11,12) 4860.917860 328.265981 
4860.917860 
(11,14) 19611.735586 160.956571 
19611.735586 
(12,3) 15076.379348 4.103328 
15076.379348 
(12,11) 4844.658489 323.975754 
4844.658489 
(12,13) 15566.731314 3.939528 
15566.731314 
(13,12) 15687.614178 3.969053 
15687.614178 
(13,24) 12231.786532 323.838702 
12231.786532 
(14,11) 19643.967158 161.990939 
19643.967158 
(14,15) 8719.241594 105.337798 
8719.241594 
(14,23) 11392.493992 21.182067 
11392.493992 
(15,10) 0.000000 9999.000000 
0.000000 
(15,14) 8741.905702 106.385113 
8741.905702 
(15,19) 21598.548475 37.819156 
21598.548475 
(15,22) 16980.709432 7.406555 
16980.709432 
(16,8) 7063.841157 51.091097 
7063.841157 
(16,10) 17921.481748 115.408779 
17921.481748 
(16,17) 11704.564003 122.416311 
11704.564003 
(16,18) 31421.849241 5.924477 
31421.849241 
(17,10) 8799.161981 193.115397 
8799.161981 
(17,16) 11713.553342 122.786666 
11713.553342 
(17,19) 9494.076608 74.017937 
9494.076608 
(18,7) 26018.878561 9.332875 
26018.878561 
(18,16) 31479.822538 5.946119 
31479.822538 
(18,20) 30627.456492 5.759842 
30627.456492 
(19,15) 21574.595149 37.664952 
21574.595149 
(19,17) 9512.715323 74.585145 
9512.715323 
(19,20) 19434.263872 140.658890 
19434.263872 
(20,18) 30655.703342 5.766343 
30655.703342 
(20,19) 19428.949262 140.509465 
19428.949262 
(20,21) 10681.110957 23.870481 
10681.110957 
(20,22) 1183.972613 185.674155 
1183.972613 
(21,20) 10603.751562 23.358361 
10603.751562 
(21,22) 5758.615789 161.622351 
5758.615789 
(21,24) 8804.349287 78.951460 
8804.349287 
(22,15) 16927.326865 7.351404 
16927.326865 
(22,20) 1184.264248 185.852235 
1184.264248 
(22,21) 5766.442841 162.491950 
5766.442841 
(22,23) 16650.381564 77.784985 
16650.381564 
(23,14) 11402.061456 21.239858 
11402.061456 
(23,22) 16605.117684 76.985916 
16605.117684 
(23,24) 7858.346559 163.607256 
7858.346559 
(24,13) 12252.669395 326.028496 
12252.669395 
(24,21) 8719.162839 76.054375 
8719.162839 
(24,23) 7822.650142 160.690810 
7822.650142 
