(1,2) 10089.042668 6.331551 
10089.042668 
(1,3) 11869.808478 4.635221 
11869.808478 
(2,1) 10119.381841 6.335557 
10119.381841 
(2,6) 10089.042668 210.727145 
10089.042668 
(3,1) 11839.469306 4.628751 
11839.469306 
(3,4) 0.000000 9999.000000 
0.000000 
(3,12) 12419.781979 45.235664 
12419.781979 
(4,3) 0.000000 9999.000000 
0.000000 
(4,5) 10552.515853 2.595203 
10552.515853 
(4,11) 9138.659499 178.974333 
9138.659499 
(5,4) 10621.548594 2.610932 
10621.548594 
(5,6) 0.000000 9999.000000 
0.000000 
(5,9) 13252.515853 42.014729 
13252.515853 
(6,2) 10119.381841 213.212932 
10119.381841 
(6,5) 0.000000 9999.000000 
0.000000 
(6,8) 14889.042668 411.661173 
14889.042668 
(7,8) 11911.557263 5.395638 
11911.557263 
(7,18) 13788.024805 143.808427 
13788.024805 
(8,6) 14919.381841 415.010433 
14919.381841 
(8,7) 11853.422779 5.349211 
11853.422779 
(8,9) 7950.719595 157.436507 
7950.719595 
(8,16) 9748.938385 172.217853 
9748.938385 
(9,5) 13321.548594 42.792019 
13321.548594 
(9,8) 7806.771669 147.045631 
7806.771669 
(9,10) 12954.568832 194.385191 
12954.568832 
(10,9) 12979.653647 195.871871 
12979.653647 
(10,11) 29256.205687 59.945644 
29256.205687 
(10,15) 34226.243935 43.051068 
34226.243935 
(10,16) 16390.736034 81.950262 
16390.736034 
(10,17) 15435.823183 1761.058755 
15435.823183 
(11,4) 9169.626758 181.330840 
9169.626758 
(11,10) 29257.557078 59.955797 
29257.557078 
(11,12) 24954.740811 607.096158 
24954.740811 
(11,14) 13946.649195 44.141620 
13946.649195 
(12,3) 12389.442807 44.834214 
12389.442807 
(12,11) 24981.459415 609.674628 
24981.459415 
(12,13) 11474.122652 71.881105 
11474.122652 
(13,12) 11570.502084 74.224756 
11570.502084 
(13,24) 3029.497916 738.891214 
3029.497916 
(14,11) 14052.249241 45.371261 
14052.249241 
(14,15) 7474.967860 59.198472 
7474.967860 
(14,23) 9907.521635 13.827890 
9907.521635 
(15,10) 34930.521235 46.196110 
34930.521235 
(15,14) 7529.417650 60.794999 
7529.417650 
(15,19) 17854.922121 19.261171 
17854.922121 
(15,22) 21210.449374 13.726928 
21210.449374 
(16,8) 9865.091000 180.330602 
9865.091000 
(16,10) 17215.925070 98.873563 
17215.925070 
(16,17) 7964.176817 1840.408148 
7964.176817 
(16,18) 16045.128126 39.482644 
16045.128126 
(17,10) 13830.090272 1137.736996 
13830.090272 
(17,16) 9569.909728 1095.194497 
9569.909728 
(17,19) 0.000000 9999.000000 
0.000000 
(18,7) 13846.159289 146.215224 
13846.159289 
(18,16) 15380.736864 33.805064 
15380.736864 
(18,20) 20941.374486 10.154187 
20941.374486 
(19,15) 18330.767916 21.065194 
18330.767916 
(19,17) 0.000000 9999.000000 
0.000000 
(19,20) 14731.938859 49.123745 
14731.938859 
(20,18) 20235.117709 9.365039 
20235.117709 
(20,19) 15207.784654 55.242384 
15207.784654 
(20,21) 4557.684378 81.432492 
4557.684378 
(20,22) 7513.088520 62.606627 
7513.088520 
(21,20) 4470.028618 75.794739 
4470.028618 
(21,22) 7177.268043 24.713497 
7177.268043 
(21,24) 7321.878977 39.327646 
7321.878977 
(22,15) 21393.330668 14.101700 
21393.330668 
(22,20) 7270.333298 55.514459 
7270.333298 
(22,21) 7164.194599 24.548457 
7164.194599 
(22,23) 7801.593750 60.901608 
7801.593750 
(23,14) 9958.671891 14.032424 
9958.671891 
(23,22) 7728.646379 58.803079 
7728.646379 
(23,24) 6850.414622 2.993217 
6850.414622 
(24,13) 3025.877348 735.384418 
3025.877348 
(24,21) 7247.296661 37.869942 
7247.296661 
(24,23) 6828.617507 2.980636 
6828.617507 
