(1,2) 8067.772520 6.008473 
8067.772520 
(1,3) 11220.138511 4.507157 
11220.138511 
(2,1) 8020.138511 6.008275 
8020.138511 
(2,6) 6867.772520 49.172845 
6867.772520 
(3,1) 11267.772520 4.515825 
11267.772520 
(3,4) 6802.075127 4.014985 
6802.075127 
(3,12) 16020.399377 15.962700 
16020.399377 
(4,3) 6812.044995 4.015073 
6812.044995 
(4,5) 12827.616612 56.489554 
12827.616612 
(4,11) 12492.078209 609.935362 
12492.078209 
(5,4) 12892.339075 57.597625 
12892.339075 
(5,6) 5374.825171 4.835394 
5374.825171 
(5,9) 14245.117968 54.413481 
14245.117968 
(6,2) 6820.138511 47.960027 
6820.138511 
(6,5) 5441.528438 4.877643 
5441.528438 
(6,8) 3360.934998 776.778413 
3360.934998 
(7,8) 20571.456353 24.311161 
20571.456353 
(7,18) 19147.102163 4.150464 
19147.102163 
(8,6) 3380.004257 794.512368 
3380.004257 
(8,7) 20441.913140 23.779405 
20441.913140 
(8,9) 11839.833897 735.039595 
11839.833897 
(8,16) 9181.331325 136.545496 
9181.331325 
(9,5) 14243.137164 54.386002 
14243.137164 
(9,8) 11767.498490 717.482808 
11767.498490 
(9,10) 5477.619478 773.142303 
5477.619478 
(10,9) 5503.303267 787.688569 
5503.303267 
(10,11) 38327.498092 166.846438 
38327.498092 
(10,15) 35170.986328 47.314448 
35170.986328 
(10,16) 16330.635936 80.813251 
16330.635936 
(10,17) 7472.657909 104.289226 
7472.657909 
(11,4) 12537.325614 618.733044 
12537.325614 
(11,10) 37922.325941 160.110476 
37922.325941 
(11,12) 24925.515564 604.285254 
24925.515564 
(11,14) 14360.740064 49.125567 
14360.740064 
(12,3) 16058.063518 16.075596 
16058.063518 
(12,11) 24859.662967 597.987646 
24859.662967 
(12,13) 14442.205858 3.696072 
14442.205858 
(13,12) 14514.017401 3.710020 
14514.017401 
(13,24) 3042.205858 870.249690 
3042.205858 
(14,11) 14166.667914 46.735249 
14166.667914 
(14,15) 9693.995122 158.306620 
9693.995122 
(14,23) 8562.071258 229.769346 
8562.071258 
(15,10) 35432.483502 48.556915 
35432.483502 
(15,14) 9853.637604 168.657557 
9853.637604 
(15,19) 18628.389445 22.267316 
18628.389445 
(15,22) 28341.293652 37.194365 
28341.293652 
(16,8) 9143.192777 134.373357 
9143.192777 
(16,10) 16378.850965 81.724418 
16378.850965 
(16,17) 7606.307679 23.476322 
7606.307679 
(16,18) 0.000000 9999.000000 
0.000000 
(17,10) 7493.801647 105.383654 
7493.801647 
(17,16) 7616.384160 23.590352 
7616.384160 
(17,19) 10884.154611 126.396613 
10884.154611 
(18,7) 19276.645376 4.209255 
19276.645376 
(18,16) 0.000000 9999.000000 
0.000000 
(18,20) 20767.717338 4.372036 
20767.717338 
(19,15) 18723.304811 22.663011 
18723.304811 
(19,17) 10915.374830 127.830048 
10915.374830 
(19,20) 14512.544057 46.495184 
14512.544057 
(20,18) 20797.260551 4.374158 
20797.260551 
(20,19) 14638.679641 47.991942 
14638.679641 
(20,21) 10153.059356 20.590099 
10153.059356 
(20,22) 6236.832614 32.356138 
6236.832614 
(21,20) 10250.737034 21.159710 
10250.737034 
(21,22) 12492.331970 11.766039 
12492.331970 
(21,24) 1865.663242 370.054180 
1865.663242 
(22,15) 28567.517942 38.299285 
28567.517942 
(22,20) 6194.833734 31.626682 
6194.833734 
(22,21) 12053.512123 10.464451 
12053.512123 
(22,23) 7430.059642 361.230219 
7430.059642 
(23,14) 8208.356627 194.710450 
8208.356627 
(23,22) 7175.465205 314.727178 
7175.465205 
(23,24) 7356.953638 3.321200 
7356.953638 
(24,13) 3014.017401 838.587202 
3014.017401 
(24,21) 2402.160767 321.870429 
2402.160767 
(24,23) 6748.644569 2.935498 
6748.644569 
