(1,2) 11400.000000 6.033779 
11400.000000 
(1,3) 2800.000000 4.001967 
2800.000000 
(2,1) 11400.000000 6.033779 
11400.000000 
(2,6) 15000.000000 1010.210000 
15000.000000 
(3,1) 2800.000000 4.001967 
2800.000000 
(3,4) 0.000000 9999.000000 
0.000000 
(3,12) 0.000000 9999.000000 
0.000000 
(4,3) 0.000000 9999.000000 
0.000000 
(4,5) 13400.000000 3.547606 
13400.000000 
(4,11) 9400.000000 199.625742 
9400.000000 
(5,4) 13400.000000 3.547606 
13400.000000 
(5,6) 15701.881474 64.847236 
15701.881474 
(5,9) 19214.207390 168.557755 
19214.207390 
(6,2) 15000.000000 1010.210000 
15000.000000 
(6,5) 15714.207390 65.038521 
15714.207390 
(6,8) 4885.792610 468.944874 
4885.792610 
(7,8) 16612.393983 12.063081 
16612.393983 
(7,18) 21868.592296 5.659344 
21868.592296 
(8,6) 4898.118526 473.674785 
4898.118526 
(8,7) 16568.592296 11.967872 
16568.592296 
(8,9) 8892.255259 240.689044 
8892.255259 
(8,16) 5468.724631 21.557607 
5468.724631 
(9,5) 19201.881474 168.138470 
19201.881474 
(9,8) 8851.524317 236.491315 
8851.524317 
(9,10) 21162.683073 41.510942 
21162.683073 
(10,9) 21209.626215 41.853781 
21209.626215 
(10,11) 29076.914815 58.611080 
29076.914815 
(10,15) 20713.523119 10.970266 
20713.523119 
(10,16) 21110.753886 218.505645 
21110.753886 
(10,17) 9308.439096 239.838062 
9308.439096 
(11,4) 9500.000000 207.997550 
9500.000000 
(11,10) 28877.167431 57.153040 
28877.167431 
(11,12) 14572.018051 75.889269 
14572.018051 
(11,14) 13304.896763 37.247686 
13304.896763 
(12,3) 0.000000 9999.000000 
0.000000 
(12,11) 14549.914502 75.466187 
14549.914502 
(12,13) 12350.085498 3.372220 
12350.085498 
(13,12) 12427.981949 3.381700 
12427.981949 
(13,24) 11350.085498 18.819993 
11350.085498 
(14,11) 13327.252929 37.471713 
13327.252929 
(14,15) 2599.539461 90.901468 
2599.539461 
(14,23) 9736.223949 13.165631 
9736.223949 
(15,10) 20779.342477 11.033742 
20779.342477 
(15,14) 2617.594180 93.312910 
2617.594180 
(15,19) 5178.948459 226.657219 
5178.948459 
(15,22) 18716.725137 9.504221 
18716.725137 
(16,8) 5477.979803 21.669979 
5477.979803 
(16,10) 21161.805406 220.588115 
21161.805406 
(16,17) 7700.249098 24.557110 
7700.249098 
(16,18) 23520.567290 3.918147 
23520.567290 
(17,10) 9338.258742 242.823147 
9338.258742 
(17,16) 7682.538010 24.350293 
7682.538010 
(17,19) 6379.203248 16.678967 
6379.203248 
(18,7) 21912.393983 5.688751 
21912.393983 
(18,16) 23598.585070 3.930390 
23598.585070 
(18,20) 21830.358819 4.454228 
21830.358819 
(19,15) 5190.411139 228.643904 
5190.411139 
(19,17) 6391.311806 16.790735 
6391.311806 
(19,20) 10588.792108 16.043458 
10588.792108 
(20,18) 21852.178285 4.456046 
21852.178285 
(20,19) 10612.363347 16.151054 
10612.363347 
(20,21) 18136.331487 154.548516 
18136.331487 
(20,22) 2582.819440 221.783869 
2582.819440 
(21,20) 18088.599837 152.990864 
18088.599837 
(21,22) 20066.691217 67.020072 
20066.691217 
(21,24) 2069.640270 178.005212 
2069.640270 
(22,15) 18689.136535 9.465957 
18689.136535 
(22,20) 2575.941795 219.484029 
2575.941795 
(22,21) 20025.910416 66.493129 
20025.910416 
(22,23) 17235.850735 88.723157 
17235.850735 
(23,14) 9740.525395 13.181840 
9740.525395 
(23,22) 17160.603686 87.253304 
17160.603686 
(23,24) 14558.341678 22.259288 
14558.341678 
(24,13) 11327.981949 18.704886 
11327.981949 
(24,21) 2062.689421 175.666022 
2062.689421 
(24,23) 14487.396076 21.867255 
14487.396076 
