(1,2) 4556.872267 6.000862 
4556.872267 
(1,3) 6454.026041 25.756425 
6454.026041 
(2,1) 4559.908510 6.000865 
4559.908510 
(2,6) 6145.973959 33.330525 
6145.973959 
(3,1) 6450.989798 25.715514 
6450.989798 
(3,4) 12109.637952 4.150530 
12109.637952 
(3,12) 10077.093573 4.020624 
10077.093573 
(4,3) 12069.435553 4.148541 
12069.435553 
(4,5) 16695.378223 5.729291 
16695.378223 
(4,11) 2481.554245 134.906636 
2481.554245 
(5,4) 16750.989798 5.779228 
16750.989798 
(5,6) 8077.839281 8.262014 
8077.839281 
(5,9) 16290.327973 89.508532 
16290.327973 
(6,2) 6149.010202 33.386550 
6149.010202 
(6,5) 8098.882508 8.306599 
8098.882508 
(6,8) 10851.024209 117.568808 
10851.024209 
(7,8) 0.000000 9999.000000 
0.000000 
(7,18) 12100.000000 2.342974 
12100.000000 
(8,6) 10875.103679 118.598061 
10875.103679 
(8,7) 0.000000 9999.000000 
0.000000 
(8,9) 5202.194176 37.022500 
5202.194176 
(8,16) 15554.217283 1088.542592 
15554.217283 
(9,5) 16324.896321 90.228133 
16324.896321 
(9,8) 5182.344906 36.612430 
5182.344906 
(9,10) 24487.134899 72.032424 
24487.134899 
(10,9) 24601.853977 73.335175 
24601.853977 
(10,11) 26626.893779 42.700168 
26626.893779 
(10,15) 8844.513737 1618.830518 
8844.513737 
(10,16) 31392.115239 1052.832353 
31392.115239 
(10,17) 13463.268443 1022.563683 
13463.268443 
(11,4) 2485.740270 135.778628 
2485.740270 
(11,10) 26506.040680 42.020366 
26506.040680 
(11,12) 16731.452395 127.469227 
16731.452395 
(11,14) 5692.344706 1668.039084 
5692.344706 
(12,3) 10114.259730 4.020930 
10114.259730 
(12,11) 16706.196574 126.737463 
16706.196574 
(12,13) 14853.540592 3.778825 
14853.540592 
(13,12) 14965.450927 3.802563 
14965.450927 
(13,24) 8653.540592 1631.777958 
8653.540592 
(14,11) 5700.933453 1678.104807 
5700.933453 
(14,15) 8399.066547 91.392056 
8399.066547 
(14,23) 0.000000 9999.000000 
0.000000 
(15,10) 8858.188490 1628.828246 
8858.188490 
(15,14) 8407.655294 91.745971 
8407.655294 
(15,19) 0.000000 9999.000000 
0.000000 
(15,22) 18340.878057 8.997308 
18340.878057 
(16,8) 15598.146023 1100.835255 
15598.146023 
(16,10) 31477.710379 1064.318396 
31477.710379 
(16,17) 8945.374672 43.082654 
8945.374672 
(16,18) 47150.645915 17.827633 
47150.645915 
(17,10) 13499.570728 1033.550678 
13499.570728 
(17,16) 8925.161562 42.712587 
8925.161562 
(17,19) 8758.955049 54.172174 
8758.955049 
(18,7) 12100.000000 2.342974 
12100.000000 
(18,16) 47300.382905 18.016886 
47300.382905 
(18,20) 38950.645915 8.603505 
38950.645915 
(19,15) 0.000000 9999.000000 
0.000000 
(19,17) 8775.044224 54.556569 
8775.044224 
(19,20) 10375.267710 15.101017 
10375.267710 
(20,18) 39000.382905 8.627064 
39000.382905 
(20,19) 10391.356885 15.170035 
10391.356885 
(20,21) 24645.043932 512.511050 
24645.043932 
(20,22) 13064.557033 531.716815 
13064.557033 
(21,20) 24621.689880 510.593864 
24621.689880 
(21,22) 14392.363342 19.205719 
14392.363342 
(21,24) 10000.745054 129.437674 
10000.745054 
(22,15) 18263.141557 8.896276 
18263.141557 
(22,20) 13053.737250 529.974119 
13053.737250 
(22,21) 14428.722333 19.380244 
14428.722333 
(22,23) 8682.062280 128.464671 
8682.062280 
(23,14) 0.000000 9999.000000 
0.000000 
(23,22) 8629.864988 125.498387 
8629.864988 
(23,24) 13758.418474 18.160344 
13758.418474 
(24,13) 8665.450927 1640.758071 
8665.450927 
(24,21) 9941.032011 126.444846 
9941.032011 
(24,23) 13706.221182 17.916497 
13706.221182 
