(1,2) 4900.000000 6.001153 
4900.000000 
(1,3) 7700.000000 4.112490 
7700.000000 
(2,1) 4900.000000 6.001153 
4900.000000 
(2,6) 4900.000000 16.446589 
4900.000000 
(3,1) 7700.000000 4.112490 
7700.000000 
(3,4) 15353.317452 4.388962 
15353.317452 
(3,12) 10367.438001 4.023106 
10367.438001 
(4,3) 15343.545435 4.387972 
15343.545435 
(4,5) 19010.091373 2.391794 
19010.091373 
(4,11) 5146.052835 23.391965 
5146.052835 
(5,4) 19089.243061 2.398360 
19089.243061 
(5,6) 10957.708945 18.431555 
10957.708945 
(5,9) 12352.382428 32.937283 
12352.382428 
(6,2) 4900.000000 16.446589 
4900.000000 
(6,5) 11013.204226 18.726137 
11013.204226 
(6,8) 15657.708945 33.314868 
15657.708945 
(7,8) 17336.564670 13.749769 
17336.564670 
(7,18) 20827.417872 2.188166 
20827.417872 
(8,6) 15713.204226 33.761188 
15713.204226 
(8,7) 17267.234569 13.578842 
17267.234569 
(8,9) 4404.863428 23.890218 
4404.863428 
(8,16) 5273.021227 19.311706 
5273.021227 
(9,5) 12376.038835 33.151912 
12376.038835 
(9,8) 4377.575816 23.549211 
4377.575816 
(9,10) 17042.761046 19.197987 
17042.761046 
(10,9) 17139.129842 19.567474 
17139.129842 
(10,11) 25158.801027 35.048377 
25158.801027 
(10,15) 25087.242398 16.694869 
25087.242398 
(10,16) 11604.354345 23.584283 
11604.354345 
(10,17) 5117.038437 29.171518 
5117.038437 
(11,4) 5157.129130 23.542186 
5157.129130 
(11,10) 25043.415279 34.500915 
25043.415279 
(11,12) 10372.496865 23.941756 
10372.496865 
(11,14) 10856.249564 18.737868 
10856.249564 
(12,3) 10377.210018 4.023193 
10377.210018 
(12,11) 10348.745285 23.777983 
10348.745285 
(12,13) 14516.042300 3.710416 
14516.042300 
(13,12) 14602.062737 3.727406 
14602.062737 
(13,24) 11822.185038 21.443855 
11822.185038 
(14,11) 10875.691691 18.843726 
10875.691691 
(14,15) 0.000000 9999.000000 
0.000000 
(14,23) 10533.895021 16.559031 
10533.895021 
(15,10) 25159.503582 16.818624 
25159.503582 
(15,14) 0.000000 9999.000000 
0.000000 
(15,19) 19982.266547 4.594333 
19982.266547 
(15,22) 18996.444925 9.901845 
18996.444925 
(16,8) 5286.474018 19.458317 
5286.474018 
(16,10) 11635.010538 23.792055 
11635.010538 
(16,17) 11924.671655 10.108305 
11924.671655 
(16,18) 20407.672876 3.520350 
20407.672876 
(17,10) 5125.875602 29.318151 
5125.875602 
(17,16) 11907.952489 10.062927 
11907.952489 
(17,19) 10158.901358 7.900608 
10158.901358 
(18,7) 20896.747973 2.190684 
20896.747973 
(18,16) 20468.501026 3.526581 
20468.501026 
(18,20) 19471.108206 4.287470 
19471.108206 
(19,15) 19989.782994 4.596733 
19989.782994 
(19,17) 10151.019358 7.882317 
10151.019358 
(19,20) 8967.425557 10.194933 
8967.425557 
(20,18) 19501.266457 4.289255 
19501.266457 
(20,19) 8967.060004 10.193923 
8967.060004 
(20,21) 6531.263212 8.498385 
6531.263212 
(20,22) 8200.000000 10.108976 
8200.000000 
(21,20) 6457.662192 8.387656 
6457.662192 
(21,22) 8437.892234 4.032733 
8437.892234 
(21,24) 7559.496689 44.277995 
7559.496689 
(22,15) 18961.189662 9.850751 
18961.189662 
(22,20) 8203.393719 10.117439 
8203.393719 
(22,21) 8402.632132 3.998968 
8402.632132 
(22,23) 14292.459223 44.058906 
14292.459223 
(23,14) 10553.337149 16.652007 
10553.337149 
(23,22) 14225.337576 43.311676 
14225.337576 
(23,24) 8374.310131 4.218057 
8374.310131 
(24,13) 11808.205476 21.361493 
11808.205476 
(24,21) 7521.155771 43.446916 
7521.155771 
(24,23) 8326.630612 4.167972 
8326.630612 
