(1,2) 3027.657969 6.002689 
3027.657969 
(1,3) 10382.551068 10928.528819 
10382.551068 
(2,1) 3027.523315 6.002688 
3027.523315 
(2,6) 2217.448932 10959.047752 
2217.448932 
(3,1) 10382.685722 10928.577041 
10382.685722 
(3,4) 19479.741372 5.007931 
19479.741372 
(3,12) 9473.570547 4.016110 
9473.570547 
(4,3) 19456.256269 5.003079 
19456.256269 
(4,5) 21647.101410 12.539991 
21647.101410 
(4,11) 8032.639962 109.248770 
8032.639962 
(5,4) 21710.210024 12.663440 
21710.210024 
(5,6) 11027.376985 18.802087 
11027.376985 
(5,9) 16165.081066 86.939403 
16165.081066 
(6,2) 2217.314278 10958.814580 
2217.314278 
(6,5) 11072.369162 19.045143 
11072.369162 
(6,8) 11999.469276 174.824719 
11999.469276 
(7,8) 18579.849294 17.181289 
18579.849294 
(7,18) 21640.624374 5.509127 
21640.624374 
(8,6) 12044.326800 177.423523 
12044.326800 
(8,7) 18540.624374 17.061912 
18540.624374 
(8,9) 2554.797063 111.287182 
2554.797063 
(8,16) 1920.209240 51.339018 
1920.209240 
(9,5) 16183.197502 87.307343 
16183.197502 
(9,8) 2561.364337 112.332666 
2561.364337 
(9,10) 22003.716728 48.007554 
22003.716728 
(10,9) 22128.400438 49.036396 
22128.400438 
(10,11) 25959.540452 39.060362 
25959.540452 
(10,15) 36177.574203 52.251044 
36177.574203 
(10,16) 17170.442636 97.874950 
17170.442636 
(10,17) 0.000000 9999.000000 
0.000000 
(11,4) 8046.046245 109.939776 
8046.046245 
(11,10) 25853.159265 38.505473 
25853.159265 
(11,12) 16426.429453 118.850734 
16426.429453 
(11,14) 14591.149547 52.092064 
14591.149547 
(12,3) 9497.190304 4.016271 
9497.190304 
(12,11) 16402.809696 118.203055 
16402.809696 
(12,13) 14500.000000 3.707281 
14500.000000 
(13,12) 14600.000000 3.726995 
14600.000000 
(13,24) 0.000000 9999.000000 
0.000000 
(14,11) 14621.794399 52.497357 
14621.794399 
(14,15) 6623.975375 38.421394 
6623.975375 
(14,23) 12290.485282 27.274282 
12290.485282 
(15,10) 36270.125854 52.726152 
36270.125854 
(15,14) 6659.220976 39.138421 
6659.220976 
(15,19) 20748.712264 32.654088 
20748.712264 
(15,22) 25929.526204 26.958200 
25929.526204 
(16,8) 1919.274570 51.248861 
1919.274570 
(16,10) 17208.955883 98.720033 
17208.955883 
(16,17) 12038.186494 136.743748 
12038.186494 
(16,18) 17169.271342 28.535747 
17169.271342 
(17,10) 0.000000 9999.000000 
0.000000 
(17,16) 12036.861662 136.684442 
12036.861662 
(17,19) 11363.138338 149.782471 
11363.138338 
(18,7) 21679.849294 5.534639 
21679.849294 
(18,16) 17208.174750 28.767978 
17208.174750 
(18,20) 23097.353894 13.107494 
23097.353894 
(19,15) 20785.393027 32.864342 
20785.393027 
(19,17) 11361.813506 149.713563 
11361.813506 
(19,20) 12651.741958 28.545213 
12651.741958 
(20,18) 23075.482223 13.073046 
23075.482223 
(20,19) 12687.097889 28.820737 
12687.097889 
(20,21) 11375.347390 28.989483 
11375.347390 
(20,22) 6370.004345 34.768527 
6370.004345 
(21,20) 11323.861458 28.576090 
11323.861458 
(21,22) 9823.915629 5.734933 
9823.915629 
(21,24) 7318.886516 39.268294 
7318.886516 
(22,15) 25920.642693 26.925385 
25920.642693 
(22,20) 6334.974536 34.119098 
6334.974536 
(22,21) 9818.633141 5.726907 
9818.633141 
(22,23) 6934.827754 39.524987 
6934.827754 
(23,14) 12285.884534 27.239452 
12285.884534 
(23,22) 6885.631947 38.527603 
6885.631947 
(23,24) 9366.403809 5.471107 
9366.403809 
(24,13) 0.000000 9999.000000 
0.000000 
(24,21) 7272.683072 38.361096 
7272.683072 
(24,23) 9312.607253 5.392046 
9312.607253 
