(1,2) 4469.937952 6.012775 
4469.937952 
(1,3) 7881.338960 23.847196 
7881.338960 
(2,1) 4481.338960 6.012906 
4481.338960 
(2,6) 4718.661040 14.843893 
4718.661040 
(3,1) 7869.937952 23.732603 
7869.937952 
(3,4) 16991.399652 4.583465 
16991.399652 
(3,12) 9689.939308 4.017633 
9689.939308 
(4,3) 16945.494256 4.577185 
16945.494256 
(4,5) 19726.851792 9.268961 
19726.851792 
(4,11) 7464.547860 82.995565 
7464.547860 
(5,4) 19766.867394 9.328121 
19766.867394 
(5,6) 12539.897217 28.751982 
12539.897217 
(5,9) 14735.677662 61.579838 
14735.677662 
(6,2) 4730.062048 14.939376 
4730.062048 
(6,5) 12557.989402 28.895137 
12557.989402 
(6,8) 14009.835169 323.136603 
14009.835169 
(7,8) 16446.192292 11.705795 
16446.192292 
(7,18) 19503.254669 4.314986 
19503.254669 
(8,6) 14039.328362 325.849352 
14039.328362 
(8,7) 16403.254669 11.615234 
16403.254669 
(8,9) 9358.417539 293.001643 
9358.417539 
(8,16) 5298.999430 19.595831 
5298.999430 
(9,5) 14757.601080 61.917303 
14757.601080 
(9,8) 9335.590517 290.250543 
9335.590517 
(9,10) 21343.258733 42.842276 
21343.258733 
(10,9) 21442.355128 43.587394 
21442.355128 
(10,11) 24337.779317 31.313890 
24337.779317 
(10,15) 43722.745399 104.671893 
43722.745399 
(10,16) 23149.031652 314.138063 
23149.031652 
(10,17) 0.000000 9999.000000 
0.000000 
(11,4) 7478.626862 83.578100 
7478.626862 
(11,10) 24207.181795 30.753614 
24207.181795 
(11,12) 14987.372885 84.204861 
14987.372885 
(11,14) 19019.388587 142.835839 
19019.388587 
(12,3) 9724.443696 4.017885 
9724.443696 
(12,11) 14956.376105 83.559894 
14956.376105 
(12,13) 13108.422709 3.472413 
13108.422709 
(13,12) 13211.930317 3.487512 
13211.930317 
(13,24) 1433.563204 392.528431 
1433.563204 
(14,11) 19033.866848 143.259070 
19033.866848 
(14,15) 7785.638065 68.786175 
7785.638065 
(14,23) 19928.104105 164.865941 
19928.104105 
(15,10) 43813.712884 105.495628 
43813.712884 
(15,14) 7808.715518 69.545820 
7808.715518 
(15,19) 23821.252776 54.520299 
23821.252776 
(15,22) 11792.777105 211.168822 
11792.777105 
(16,8) 5308.382022 19.699482 
5308.382022 
(16,10) 23187.758085 316.218619 
23187.758085 
(16,17) 12524.302810 159.862361 
12524.302810 
(16,18) 21646.192292 3.658639 
21646.192292 
(17,10) 0.000000 9999.000000 
0.000000 
(17,16) 12515.349457 159.411435 
12515.349457 
(17,19) 13714.496015 315.580579 
13714.496015 
(18,7) 19546.192292 4.335440 
19546.192292 
(18,16) 21703.254669 3.665611 
21703.254669 
(18,20) 0.000000 9999.000000 
0.000000 
(19,15) 23833.912112 54.629904 
23833.912112 
(19,17) 13705.542662 314.762510 
13705.542662 
(19,20) 19745.555586 149.627348 
19745.555586 
(20,18) 0.000000 9999.000000 
0.000000 
(20,19) 19749.261569 149.736708 
19749.261569 
(20,21) 7229.696202 9.751032 
7229.696202 
(20,22) 4516.564429 12.523696 
4516.564429 
(21,20) 7160.422671 9.609318 
7160.422671 
(21,22) 6584.241915 2.753646 
6584.241915 
(21,24) 7187.659023 36.736260 
7187.659023 
(22,15) 11794.162707 211.266675 
11794.162707 
(22,20) 4489.543944 12.345263 
4489.543944 
(22,21) 6545.233913 2.735944 
6545.233913 
(22,23) 6968.916702 40.228663 
6968.916702 
(23,14) 19919.504913 164.588460 
19919.504913 
(23,22) 6904.273816 38.903039 
6904.273816 
(23,24) 8788.564306 4.690595 
8788.564306 
(24,13) 1437.070812 396.344978 
1437.070812 
(24,21) 7157.393493 36.171618 
7157.393493 
(24,23) 8715.322228 4.602018 
8715.322228 
