(1,2) 6158.489711 6.002877 
6158.489711 
(1,3) 8871.079252 4.198178 
8871.079252 
(2,1) 6174.760016 6.002907 
6174.760016 
(2,6) 5758.489711 26.833640 
5758.489711 
(3,1) 8854.808947 4.196728 
8854.808947 
(3,4) 22408.610887 5.765053 
22408.610887 
(3,12) 20664.457708 4.364692 
20664.457708 
(4,3) 22362.952712 5.750712 
22362.952712 
(4,5) 15533.195643 4.794374 
15533.195643 
(4,11) 13065.029732 728.592235 
13065.029732 
(5,4) 15563.204910 4.816031 
15563.204910 
(5,6) 12241.044318 26.475427 
12241.044318 
(5,9) 7592.151324 750.973096 
7592.151324 
(6,2) 5774.760016 27.081447 
5774.760016 
(6,5) 12260.490970 26.618590 
12260.490970 
(6,8) 17146.206170 722.493176 
17146.206170 
(7,8) 18517.461414 16.991773 
18517.461414 
(7,18) 19616.473628 4.369211 
19616.473628 
(8,6) 17181.923126 728.515346 
17181.923126 
(8,7) 18467.473789 16.841301 
18467.473789 
(8,9) 6783.342612 88.118572 
6783.342612 
(8,16) 5746.389931 25.185230 
5746.389931 
(9,5) 7602.713940 755.133121 
7602.713940 
(9,8) 6757.010295 86.912620 
6757.010295 
(9,10) 16775.493936 18.205563 
16775.493936 
(10,9) 16859.724235 18.513261 
16859.724235 
(10,11) 26934.385595 44.472039 
26934.385595 
(10,15) 28167.961932 22.997516 
28167.961932 
(10,16) 0.000000 9999.000000 
0.000000 
(10,17) 6549.177202 64.809930 
6549.177202 
(11,4) 13089.362289 733.990370 
13089.362289 
(11,10) 26781.998104 43.586302 
26781.998104 
(11,12) 0.000000 9999.000000 
0.000000 
(11,14) 10534.637793 17.067539 
10534.637793 
(12,3) 20693.845579 4.366771 
20693.845579 
(12,11) 0.000000 9999.000000 
0.000000 
(12,13) 17964.457708 4.666389 
17964.457708 
(13,12) 18093.845579 4.714919 
18093.845579 
(13,24) 14796.612773 688.889764 
14796.612773 
(14,11) 10506.582859 16.928893 
10506.582859 
(14,15) 7447.499176 58.406188 
7447.499176 
(14,23) 11860.695920 24.185563 
11860.695920 
(15,10) 28304.977164 23.330656 
28304.977164 
(15,14) 7466.949678 58.966297 
7466.949678 
(15,19) 20838.880799 33.172934 
20838.880799 
(15,22) 25090.892462 24.005852 
25090.892462 
(16,8) 5758.451578 25.355240 
5758.451578 
(16,10) 0.000000 9999.000000 
0.000000 
(16,17) 9659.316279 57.853437 
9659.316279 
(16,18) 23844.885834 3.969845 
23844.885834 
(17,10) 6548.779760 64.796141 
6548.779760 
(17,16) 9646.092487 57.548207 
9646.092487 
(17,19) 7747.882827 33.941987 
7747.882827 
(18,7) 19666.461253 4.393453 
19666.461253 
(18,16) 23870.171274 3.973965 
23870.171274 
(18,20) 25291.304505 17.092871 
25291.304505 
(19,15) 20888.232665 33.459780 
20888.232665 
(19,17) 7734.261593 33.717955 
7734.261593 
(19,20) 14353.232606 44.659722 
14353.232606 
(20,18) 25266.577569 17.041744 
25266.577569 
(20,19) 14388.963238 45.066106 
14388.963238 
(20,21) 11911.310557 33.638135 
11911.310557 
(20,22) 7233.083421 54.487136 
7233.083421 
(21,20) 11846.431352 33.040873 
11846.431352 
(21,22) 14727.715461 20.866264 
14727.715461 
(21,24) 8173.289638 59.407212 
8173.289638 
(22,15) 25098.006330 24.029685 
25098.006330 
(22,20) 7208.966322 53.830415 
7208.966322 
(22,21) 14712.719453 20.789542 
14712.719453 
(22,23) 7740.738023 59.146848 
7740.738023 
(23,14) 11813.190485 23.864105 
11813.190485 
(23,22) 7708.738784 58.240606 
7708.738784 
(23,24) 14329.902607 21.017328 
14329.902607 
(24,13) 14826.000644 694.347093 
14826.000644 
(24,21) 8123.406441 58.042710 
8123.406441 
(24,23) 14250.397933 20.598782 
14250.397933 
