(1,2) 5308.604005 6.025414 
5308.604005 
(1,3) 8333.247930 4.154315 
8333.247930 
(2,1) 5333.247930 6.025889 
5333.247930 
(2,6) 4908.604005 16.527198 
4908.604005 
(3,1) 8308.604005 4.152497 
8308.604005 
(3,4) 14084.742952 4.275482 
14084.742952 
(3,12) 12342.014449 4.046406 
12342.014449 
(4,3) 14053.386113 4.273037 
14053.386113 
(4,5) 16784.264105 5.809346 
16784.264105 
(4,11) 5525.482410 29.117054 
5525.482410 
(5,4) 16849.116007 5.868563 
16849.116007 
(5,6) 10596.142778 16.619010 
10596.142778 
(5,9) 11671.977854 27.271992 
11671.977854 
(6,2) 4933.247930 16.760439 
4933.247930 
(6,5) 10629.787208 16.780044 
10629.787208 
(6,8) 14304.746783 351.042575 
14304.746783 
(7,8) 19039.710939 18.638258 
19039.710939 
(7,18) 17543.321005 3.515539 
17543.321005 
(8,6) 14363.035138 356.766495 
14363.035138 
(8,7) 18927.430810 18.272623 
18927.430810 
(8,9) 9769.030001 346.035422 
9769.030001 
(8,16) 6104.227224 30.702544 
6104.227224 
(9,5) 11703.185326 27.511144 
11703.185326 
(9,8) 9727.735835 340.389593 
9727.735835 
(9,10) 19084.954912 28.472160 
19084.954912 
(10,9) 19174.868219 28.955583 
19174.868219 
(10,11) 24732.296284 33.062026 
24732.296284 
(10,15) 0.000000 9999.000000 
0.000000 
(10,16) 23662.499323 342.583830 
23662.499323 
(10,17) 9988.564990 315.389968 
9988.564990 
(11,4) 5529.273669 29.180565 
5529.273669 
(11,10) 24612.664937 32.523003 
24612.664937 
(11,12) 11085.489114 29.407290 
11085.489114 
(11,14) 18045.772712 116.516786 
18045.772712 
(12,3) 12348.727363 4.046507 
12348.727363 
(12,11) 11073.126939 29.303052 
11073.126939 
(12,13) 16268.887509 4.120860 
16268.887509 
(13,12) 16363.238249 4.147089 
16363.238249 
(13,24) 10668.887509 189.117717 
10668.887509 
(14,11) 18042.294798 116.430070 
18042.294798 
(14,15) 0.000000 9999.000000 
0.000000 
(14,23) 15644.948128 65.107805 
15644.948128 
(15,10) 0.000000 9999.000000 
0.000000 
(15,14) 0.000000 9999.000000 
0.000000 
(15,19) 14051.753396 9.237952 
14051.753396 
(15,22) 15156.452921 5.796831 
15156.452921 
(16,8) 6091.529616 30.489351 
6091.529616 
(16,10) 23751.791388 347.723509 
23751.791388 
(16,17) 9603.706466 56.578283 
9603.706466 
(16,18) 27657.431195 41.630030 
27657.431195 
(17,10) 10008.817578 317.890589 
10008.817578 
(17,16) 9590.704648 56.283323 
9590.704648 
(17,19) 3800.477774 210.287164 
3800.477774 
(18,7) 17655.601133 3.554712 
17655.601133 
(18,16) 27747.027470 42.133036 
27747.027470 
(18,20) 38384.862005 73.468819 
38384.862005 
(19,15) 14039.096808 9.215508 
14039.096808 
(19,17) 3807.728544 211.881248 
3807.728544 
(19,20) 14844.024852 50.512770 
14844.024852 
(20,18) 38486.738409 74.209262 
38486.738409 
(20,19) 14838.619034 50.445051 
14838.619034 
(20,21) 12934.071181 44.424792 
12934.071181 
(20,22) 7212.171790 53.917322 
7212.171790 
(21,20) 12929.707215 44.372960 
12929.707215 
(21,22) 11693.470163 9.497527 
11693.470163 
(21,24) 12454.004182 307.076672 
12454.004182 
(22,15) 15069.109510 5.732916 
15069.109510 
(22,20) 7213.006342 53.939968 
7213.006342 
(22,21) 11736.485629 9.608458 
11736.485629 
(22,23) 11853.321712 307.215573 
11853.321712 
(23,14) 15641.470214 65.053485 
15641.470214 
(23,22) 11809.828318 302.789652 
11809.828318 
(23,24) 11356.459835 9.501505 
11356.459835 
(24,13) 10663.238249 188.725943 
10663.238249 
(24,21) 12406.624750 302.475750 
12406.624750 
(24,23) 11309.488528 9.378166 
11309.488528 
