(1,2) 5129.469146 6.168736 
5129.469146 
(1,3) 8698.992335 4.183242 
8698.992335 
(2,1) 5098.992335 6.164762 
5098.992335 
(2,6) 4236.776222 11.397847 
4236.776222 
(3,1) 8729.469146 4.185824 
8729.469146 
(3,4) 8670.541610 4.039562 
8670.541610 
(3,12) 13434.029908 4.065141 
13434.029908 
(4,3) 8580.756733 4.037949 
8580.756733 
(4,5) 13795.080514 3.738354 
13795.080514 
(4,11) 9429.040641 202.029626 
9429.040641 
(5,4) 13764.078214 3.722780 
13764.078214 
(5,6) 9993.307237 13.983229 
9993.307237 
(5,9) 3538.267596 250.851944 
3538.267596 
(6,2) 4206.299411 11.215735 
4206.299411 
(6,5) 9948.437710 13.805136 
9948.437710 
(6,8) 13257.265531 259.497801 
13257.265531 
(7,8) 14170.157856 7.797839 
14170.157856 
(7,18) 17656.521447 3.555036 
17656.521447 
(8,6) 13181.919192 253.693666 
13181.919192 
(8,7) 14513.947419 8.280671 
14513.947419 
(8,9) 4643.621042 27.155618 
4643.621042 
(8,16) 4863.001705 15.353115 
4863.001705 
(9,5) 3552.134823 254.728847 
3552.134823 
(9,8) 5019.683593 33.425273 
5019.683593 
(9,10) 12864.675903 8.258921 
12864.675903 
(10,9) 13354.605681 9.106966 
13354.605681 
(10,11) 28519.344678 54.615735 
28519.344678 
(10,15) 25525.269346 17.461596 
25525.269346 
(10,16) 13557.278261 40.484953 
13557.278261 
(10,17) 6746.244215 71.962514 
6746.244215 
(11,4) 9470.258064 205.479805 
9470.258064 
(11,10) 28210.207819 52.499212 
28210.207819 
(11,12) 18931.275905 205.090821 
18931.275905 
(11,14) 10854.061453 18.725990 
10854.061453 
(12,3) 13554.291596 4.067505 
13554.291596 
(12,11) 18835.228631 201.081139 
18835.228631 
(12,13) 13150.184983 3.478462 
13150.184983 
(13,12) 13274.399398 3.496798 
13274.399398 
(13,24) 7540.197602 224.699217 
7540.197602 
(14,11) 10782.189291 18.339803 
10782.189291 
(14,15) 7183.870615 51.236370 
7183.870615 
(14,23) 9570.190838 12.556232 
9570.190838 
(15,10) 25284.598163 17.035398 
25284.598163 
(15,14) 7265.803576 53.382057 
7265.803576 
(15,19) 17929.924156 4.033508 
17929.924156 
(15,22) 19879.215804 11.276998 
19879.215804 
(16,8) 4755.382378 14.466624 
4755.382378 
(16,10) 12672.488253 31.852959 
12672.488253 
(16,17) 8054.615841 53.788016 
8054.615841 
(16,18) 16656.184804 3.230900 
16656.184804 
(17,10) 8570.772042 174.631487 
8570.772042 
(17,16) 3343.545696 184.426504 
3343.545696 
(17,19) 11485.682262 156.261283 
11485.682262 
(18,7) 17312.731884 3.437416 
17312.731884 
(18,16) 20374.845615 3.517010 
20374.845615 
(18,20) 20522.354558 4.354763 
20522.354558 
(19,15) 19450.401739 4.431246 
19450.401739 
(19,17) 8599.139944 50.467410 
8599.139944 
(19,20) 12414.420588 26.754711 
12414.420588 
(20,18) 23797.225806 4.641409 
23797.225806 
(20,19) 11048.355853 18.274343 
11048.355853 
(20,21) 7565.920936 10.499018 
7565.920936 
(20,22) 4767.568029 14.340842 
4767.568029 
(21,20) 8818.580068 14.303576 
8818.580068 
(21,22) 8233.745887 3.843038 
8233.745887 
(21,24) 7784.649823 49.419814 
7784.649823 
(22,15) 18100.000000 8.688401 
18100.000000 
(22,20) 5323.715411 19.523047 
5323.715411 
(22,21) 9444.646716 5.190709 
9444.646716 
(22,23) 14796.147908 50.011447 
14796.147908 
(23,14) 9416.385715 12.019312 
9416.385715 
(23,22) 14783.980315 49.860284 
14783.980315 
(23,24) 8712.858289 4.599077 
8712.858289 
(24,13) 7564.412016 227.547896 
7564.412016 
(24,21) 7826.408125 50.423875 
7826.408125 
(24,23) 8546.885572 4.406623 
8546.885572 
