(1,2) 8800.000000 6.191903 
8800.000000 
(1,3) 0.000000 9999.000000 
0.000000 
(2,1) 8800.000000 6.191903 
8800.000000 
(2,6) 12600.000000 505.465270 
12600.000000 
(3,1) 0.000000 9999.000000 
0.000000 
(3,4) 7870.185876 4.026856 
7870.185876 
(3,12) 8813.255427 4.012066 
8813.255427 
(4,3) 7813.255427 4.026087 
7813.255427 
(4,5) 9228.936258 2.348215 
9228.936258 
(4,11) 7980.217596 106.579764 
7980.217596 
(5,4) 9255.767313 2.352282 
9255.767313 
(5,6) 16338.484554 75.331468 
16338.484554 
(5,9) 16650.575292 97.235524 
16650.575292 
(6,2) 12600.000000 505.465270 
12600.000000 
(6,5) 16344.048315 75.428680 
16344.048315 
(6,8) 2455.951685 362.299225 
2455.951685 
(7,8) 9389.488980 18.023602 
9389.488980 
(7,18) 18567.330855 3.901594 
18567.330855 
(8,6) 2461.515446 365.575251 
2461.515446 
(8,7) 9384.797986 17.993601 
9384.797986 
(8,9) 0.000000 9999.000000 
0.000000 
(8,16) 5771.153699 25.535435 
5771.153699 
(9,5) 16671.842586 97.707667 
16671.842586 
(9,8) -0.000000 9999.000000 
-0.000000 
(9,10) 25050.575292 78.608748 
25050.575292 
(10,9) 25171.842586 80.083470 
25171.842586 
(10,11) 30828.027264 72.739845 
30828.027264 
(10,15) 30753.023762 30.149885 
30753.023762 
(10,16) 18164.204943 121.568054 
18164.204943 
(10,17) 8800.000000 193.185927 
8800.000000 
(11,4) 7996.456092 107.400923 
7996.456092 
(11,10) 30695.074641 71.578812 
30695.074641 
(11,12) 15666.040577 99.361686 
15666.040577 
(11,14) 12451.822024 29.506273 
12451.822024 
(12,3) 8870.185876 4.012381 
8870.185876 
(12,11) 15638.257841 98.701162 
15638.257841 
(12,13) 15040.100700 3.818697 
15040.100700 
(13,12) 15169.248414 3.847181 
15169.248414 
(13,24) 9874.997586 139.868704 
9874.997586 
(14,11) 12462.890632 29.597086 
12462.890632 
(14,15) 7887.882867 72.203444 
7887.882867 
(14,23) 5095.291190 24.944510 
5095.291190 
(15,10) 30855.794698 30.474324 
30855.794698 
(15,14) 7929.760594 73.642015 
7929.760594 
(15,19) 19810.288919 27.642412 
19810.288919 
(15,22) 22899.265677 17.573441 
22899.265677 
(16,8) 5772.026466 25.547860 
5772.026466 
(16,10) 18215.653925 122.905741 
18215.653925 
(16,17) 10885.945485 92.100868 
10885.945485 
(16,18) 21376.117955 3.626378 
21376.117955 
(17,10) 8800.000000 193.185927 
8800.000000 
(17,16) 10883.939479 92.034473 
10883.939479 
(17,19) 3716.060521 163.551668 
3716.060521 
(18,7) 18572.021848 3.903517 
18572.021848 
(18,16) 21430.445711 3.632770 
21430.445711 
(18,20) 27106.770107 21.276711 
27106.770107 
(19,15) 19863.280254 27.907140 
19863.280254 
(19,17) 3714.054515 163.203114 
3714.054515 
(19,20) 14496.234404 46.304476 
14496.234404 
(20,18) 27065.788857 21.172469 
27065.788857 
(20,19) 14547.219733 46.902787 
14547.219733 
(20,21) 13526.911103 51.969003 
13526.911103 
(20,22) 7332.639272 57.268460 
7332.639272 
(21,20) 13462.649592 51.101679 
13462.649592 
(21,22) 9509.841207 5.279725 
9509.841207 
(21,24) 8835.847651 80.044200 
8835.847651 
(22,15) 22890.923005 17.552215 
22890.923005 
(22,20) 7306.904861 56.538555 
7306.904861 
(22,21) 9494.258419 5.258281 
9494.258419 
(22,23) 8373.006459 79.494779 
8373.006459 
(23,14) 5064.482071 24.442515 
5064.482071 
(23,22) 8323.346587 77.719628 
8323.346587 
(23,24) 8728.290473 4.617540 
8728.290473 
(24,13) 9904.145299 141.479978 
9904.145299 
(24,21) 8787.168928 78.360362 
8787.168928 
(24,23) 8647.821482 4.522339 
8647.821482 
