(1,2) 6295.356310 6.050261 
6295.356310 
(1,3) 9317.361051 4.241169 
9317.361051 
(2,1) 6317.361051 6.050967 
6317.361051 
(2,6) 5095.356310 18.384125 
5095.356310 
(3,1) 9295.356310 4.238899 
9295.356310 
(3,4) 17210.600575 4.614161 
17210.600575 
(3,12) 13243.823396 4.061530 
13243.823396 
(4,3) 17154.167608 4.606145 
17154.167608 
(4,5) 17246.900987 6.247032 
17246.900987 
(4,11) 6763.699588 57.902577 
6763.699588 
(5,4) 17284.628616 6.284316 
17284.628616 
(5,6) 10838.179803 17.812093 
10838.179803 
(5,9) 13708.721184 47.380787 
13708.721184 
(6,2) 5117.361051 18.616830 
5117.361051 
(6,5) 10863.346341 17.940828 
10863.346341 
(6,8) 12933.536113 235.252779 
12933.536113 
(7,8) 23498.449491 39.283050 
23498.449491 
(7,18) 16910.087120 28.059824 
16910.087120 
(8,6) 12980.707392 238.674325 
12980.707392 
(8,7) 23410.087120 38.740373 
23410.087120 
(8,9) 8570.629818 209.081193 
8570.629818 
(8,16) 8047.112281 82.627140 
8047.112281 
(9,5) 13721.282275 47.536332 
13721.282275 
(9,8) 8539.109915 206.168694 
8539.109915 
(9,10) 21631.519001 45.038702 
21631.519001 
(10,9) 21712.560190 45.672233 
21712.560190 
(10,11) 26395.246950 41.405264 
26395.246950 
(10,15) 23054.203245 362.450542 
23054.203245 
(10,16) 19788.146863 169.593870 
19788.146863 
(10,17) 5453.357201 837.171058 
5453.357201 
(11,4) 6769.538992 58.082048 
6769.538992 
(11,10) 26275.876320 40.751157 
26275.876320 
(11,12) 13574.041887 58.622132 
13574.041887 
(11,14) 0.000000 9999.000000 
0.000000 
(12,3) 13278.251621 4.062172 
13278.251621 
(12,11) 13560.510660 58.412621 
13560.510660 
(12,13) 19112.608840 5.135010 
19112.608840 
(13,12) 19233.505839 5.189545 
19233.505839 
(13,24) 12731.646664 379.413383 
12731.646664 
(14,11) 0.000000 9999.000000 
0.000000 
(14,15) 7689.275505 65.686405 
7689.275505 
(14,23) 7819.229873 7.812906 
7819.229873 
(15,10) 23095.824936 365.031642 
23095.824936 
(15,14) 7723.098666 66.761247 
7723.098666 
(15,19) 9966.730350 53.471607 
9966.730350 
(15,22) 17385.395054 7.841881 
17385.395054 
(16,8) 8037.441092 82.254636 
8037.441092 
(16,10) 19844.189181 171.477778 
19844.189181 
(16,17) 17946.642799 667.575353 
17946.642799 
(16,18) 19904.062971 149.059259 
19904.062971 
(17,10) 5456.105010 838.843515 
5456.105010 
(17,16) 17943.894990 667.167822 
17943.894990 
(17,19) 0.000000 9999.000000 
0.000000 
(18,7) 16998.449491 28.608803 
16998.449491 
(18,16) 19953.181910 150.506376 
19953.181910 
(18,20) 35114.150091 52.649527 
35114.150091 
(19,15) 9990.340767 53.951563 
9990.340767 
(19,17) 0.000000 9999.000000 
0.000000 
(19,20) 14320.216617 44.286901 
14320.216617 
(20,18) 35151.631401 52.857577 
35151.631401 
(20,19) 14343.827035 44.553250 
14343.827035 
(20,21) 14807.382174 72.006040 
14807.382174 
(20,22) 2562.940883 90.715090 
2562.940883 
(21,20) 14773.287314 71.400206 
14773.287314 
(21,22) 14287.355273 18.709050 
14287.355273 
(21,24) 8434.911036 66.983663 
8434.911036 
(22,15) 17337.229489 7.788447 
17337.229489 
(22,20) 2558.127470 90.072982 
2558.127470 
(22,21) 14303.257484 18.783564 
14303.257484 
(22,23) 7996.419752 66.802011 
7996.419752 
(23,14) 7785.406712 7.747360 
7785.406712 
(23,22) 7959.342985 65.645318 
7959.342985 
(23,24) 13922.573493 18.945509 
13922.573493 
(24,13) 12752.543663 381.884187 
12752.543663 
(24,21) 8384.913965 65.480071 
8384.913965 
(24,23) 13851.673565 18.602961 
13851.673565 
