(1,2) 5557.518455 6.001908 
5557.518455 
(1,3) 9176.789558 4.226941 
9176.789558 
(2,1) 5576.789558 6.001934 
5576.789558 
(2,6) 4557.518455 13.566541 
4557.518455 
(3,1) 9157.518455 4.225041 
9157.518455 
(3,4) 16116.155985 4.472219 
16116.155985 
(3,12) 10226.325560 4.021873 
10226.325560 
(4,3) 16098.716834 4.470179 
16098.716834 
(4,5) 17424.670211 6.424860 
17424.670211 
(4,11) 7091.485774 68.719217 
7091.485774 
(5,4) 17488.507573 6.490061 
17488.507573 
(5,6) 9709.465119 12.896420 
9709.465119 
(5,9) 15015.205092 65.996697 
15015.205092 
(6,2) 4576.789558 13.712355 
4576.789558 
(6,5) 9731.930511 12.979043 
9731.930511 
(6,8) 11666.983574 156.451472 
11666.983574 
(7,8) 18992.335478 18.483190 
18992.335478 
(7,18) 22024.686174 5.764947 
22024.686174 
(8,6) 11708.720068 158.673447 
11708.720068 
(8,7) 18924.686174 18.263766 
18924.686174 
(8,9) 7123.033839 104.981564 
7123.033839 
(8,16) 2242.521164 28.090239 
2242.521164 
(9,5) 15056.577062 66.671747 
15056.577062 
(9,8) 7092.258051 103.350662 
7092.258051 
(9,10) 19014.981328 28.100643 
19014.981328 
(10,9) 19125.577510 28.689725 
19125.577510 
(10,11) 24600.203160 32.467304 
24600.203160 
(10,15) 31460.921051 32.451451 
31460.921051 
(10,16) 17433.632949 103.764343 
17433.632949 
(10,17) 7800.247445 122.316998 
7800.247445 
(11,4) 7110.209262 69.384229 
7110.209262 
(11,10) 24447.592103 31.792030 
24447.592103 
(11,12) 14246.005474 69.841653 
14246.005474 
(11,14) 6452.256653 348.265404 
6452.256653 
(12,3) 10224.493608 4.021857 
10224.493608 
(12,11) 14208.362983 69.169563 
14208.362983 
(12,13) 14717.823604 3.750748 
14717.823604 
(13,12) 14778.349161 3.763174 
14778.349161 
(13,24) 7107.897639 40.470028 
7107.897639 
(14,11) 6456.011576 349.067492 
6456.011576 
(14,15) 11257.691345 283.834861 
11257.691345 
(14,23) 9122.535211 11.064190 
9122.535211 
(15,10) 31549.051037 32.749087 
31549.051037 
(15,14) 11260.895494 284.152443 
11260.895494 
(15,19) 13853.841864 8.893875 
13853.841864 
(15,22) 19822.603267 11.183114 
19822.603267 
(16,8) 2247.384143 28.291180 
2247.384143 
(16,10) 17489.568880 105.050897 
17489.568880 
(16,17) 9158.913516 47.148174 
9158.913516 
(16,18) 24007.495061 3.996572 
24007.495061 
(17,10) 7819.388767 123.443242 
7819.388767 
(17,16) 9122.285009 46.430265 
9122.285009 
(17,19) 9739.524749 81.759204 
9739.524749 
(18,7) 22092.335478 5.811417 
22092.335478 
(18,16) 24104.922478 4.012848 
24104.922478 
(18,20) 18119.763696 4.215596 
18119.763696 
(19,15) 13877.916739 8.934950 
13877.916739 
(19,17) 9722.037564 81.187918 
9722.037564 
(19,20) 2531.804300 127.401600 
2531.804300 
(20,18) 18184.840416 4.218710 
18184.840416 
(20,19) 2538.391990 128.690973 
2538.391990 
(20,21) 3132.706724 140.164881 
3132.706724 
(20,22) 9048.664982 126.209445 
9048.664982 
(21,20) 3124.916203 138.835268 
3124.916203 
(21,22) 13093.046374 13.784392 
13093.046374 
(21,24) 9078.488134 88.862038 
9078.488134 
(22,15) 19789.862527 11.129184 
19789.862527 
(22,20) 9028.119913 125.112360 
9028.119913 
(22,21) 13145.781410 13.975399 
13145.781410 
(22,23) 8686.847853 284.033480 
8686.847853 
(23,14) 9123.085984 11.065896 
9123.085984 
(23,22) 8686.297080 283.962467 
8686.297080 
(23,24) 0.000000 9999.000000 
0.000000 
(24,13) 7068.423196 39.666592 
7068.423196 
(24,21) 9017.962577 86.595094 
9017.962577 
(24,23) 0.000000 9999.000000 
0.000000 
