(1,2) 6298.027905 6.050346 
6298.027905 
(1,3) 3217.548910 10007.573283 
3217.548910 
(2,1) 6298.153727 6.050350 
6298.153727 
(2,6) 9382.451090 9988.104250 
9382.451090 
(3,1) 3217.423088 10007.571943 
3217.423088 
(3,4) 12320.529854 4.161293 
12320.529854 
(3,12) 14989.558224 9.317893 
14989.558224 
(4,3) 12233.159593 4.156766 
12233.159593 
(4,5) 14727.802925 4.258360 
14727.802925 
(4,11) 1565.856315 152.867252 
1565.856315 
(5,4) 14734.893772 4.262712 
14734.893772 
(5,6) 10671.129147 16.980027 
10671.129147 
(5,9) 13392.982830 43.609173 
13392.982830 
(6,2) 9382.576912 9988.639770 
9382.576912 
(6,5) 10695.440605 17.098718 
10695.440605 
(6,8) 11865.887437 167.256520 
11865.887437 
(7,8) 19458.424545 20.059946 
19458.424545 
(7,18) 22520.690711 6.115729 
22520.690711 
(8,6) 11890.324717 168.622086 
11890.324717 
(8,7) 19420.690711 19.928000 
19420.690711 
(8,9) 7735.455737 142.106111 
7735.455737 
(8,16) 6058.122897 29.934787 
6058.122897 
(9,5) 13375.762219 43.410982 
13375.762219 
(9,8) 7712.926171 140.573782 
7712.926171 
(9,10) 12765.771853 152.339295 
12765.771853 
(10,9) 12826.021676 155.178626 
12826.021676 
(10,11) 27549.313345 48.202052 
27549.313345 
(10,15) 23567.727791 14.329801 
23567.727791 
(10,16) 13429.936608 39.133354 
13429.936608 
(10,17) 6498.551033 63.073595 
6498.551033 
(11,4) 1571.395206 154.956354 
1571.395206 
(11,10) 27400.569760 47.276560 
27400.569760 
(11,12) 17190.288722 141.351908 
17190.288722 
(11,14) 10077.757177 14.943870 
10077.757177 
(12,3) 15076.802663 9.442786 
15076.802663 
(12,11) 17129.819359 139.457453 
17129.819359 
(12,13) 14959.738865 3.801339 
14959.738865 
(13,12) 15086.513941 3.828849 
15086.513941 
(13,24) 9959.738865 144.592855 
9959.738865 
(14,11) 10095.021847 15.019057 
10095.021847 
(14,15) 7043.938591 47.737781 
7043.938591 
(14,23) 7902.416529 7.977772 
7902.416529 
(15,10) 23656.211574 14.455602 
23656.211574 
(15,14) 7087.983324 48.816781 
7087.983324 
(15,19) 16878.641666 15.985837 
16878.641666 
(15,22) 17512.888810 7.985481 
17512.888810 
(16,8) 6067.355909 30.087144 
6067.355909 
(16,10) 13474.777721 39.604935 
13474.777721 
(16,17) 9040.990618 44.867527 
9040.990618 
(16,18) 23297.485322 3.883807 
23297.485322 
(17,10) 6474.219546 62.253403 
6474.219546 
(17,16) 9047.429706 44.989780 
9047.429706 
(17,19) 7878.350748 36.148450 
7878.350748 
(18,7) 22558.424545 6.143383 
22558.424545 
(18,16) 23345.120359 3.891057 
23345.120359 
(18,20) 21216.425419 10.483938 
21216.425419 
(19,15) 16924.401035 16.127234 
16924.401035 
(19,17) 7860.458349 35.839289 
7860.458349 
(19,20) 11896.005295 23.185367 
11896.005295 
(20,18) 21201.794290 10.466071 
21201.794290 
(20,19) 11923.872265 23.365770 
11923.872265 
(20,21) 9288.515806 16.220116 
9288.515806 
(20,22) 6189.670080 31.538015 
6189.670080 
(21,20) 9222.391114 15.932182 
9222.391114 
(21,22) 5298.247891 15.336024 
5298.247891 
(21,24) 7851.255034 51.028986 
7851.255034 
(22,15) 17499.657956 7.970432 
17499.657956 
(22,20) 6169.030612 31.185817 
6169.030612 
(22,21) 5290.100824 15.254186 
5290.100824 
(22,23) 7345.361360 48.714037 
7345.361360 
(23,14) 7875.636466 7.924125 
7875.636466 
(23,22) 7303.343973 47.699678 
7303.343973 
(23,24) 12579.791350 13.294585 
12579.791350 
(24,13) 9986.513941 146.110803 
9986.513941 
(24,21) 7793.277409 49.625942 
7793.277409 
(24,23) 12510.993899 13.049530 
12510.993899 
