(1,2) 8171.988028 6.008920 
8171.988028 
(1,3) 10752.932327 4.427817 
10752.932327 
(2,1) 8206.446846 6.009071 
8206.446846 
(2,6) 8174.304564 93.653324 
8174.304564 
(3,1) 10718.473509 4.422359 
10718.473509 
(3,4) 0.000000 9999.000000 
0.000000 
(3,12) 11252.932327 5.129434 
11252.932327 
(4,3) 0.000000 9999.000000 
0.000000 
(4,5) 9301.706233 2.359329 
9301.706233 
(4,11) 9042.112859 171.779710 
9042.112859 
(5,4) 9325.716042 2.363053 
9325.716042 
(5,6) 7369.551940 6.952558 
7369.551940 
(5,9) 8288.335202 227.791889 
8288.335202 
(6,2) 8208.763382 95.157677 
8208.763382 
(6,5) 7355.871032 6.930694 
7355.871032 
(6,8) 7343.856504 421.312621 
7343.856504 
(7,8) 17231.168002 13.490733 
17231.168002 
(7,18) 22577.065312 6.157095 
22577.065312 
(8,6) 7364.634414 426.078229 
7364.634414 
(8,7) 17204.302203 13.425460 
17204.302203 
(8,9) 8484.005731 201.153872 
8484.005731 
(8,16) 5715.998345 24.761582 
5715.998345 
(9,5) 8326.025918 231.872147 
8326.025918 
(9,8) 8476.444045 200.473290 
8476.444045 
(9,10) 9411.891157 69.706031 
9411.891157 
(10,9) 9542.020186 73.472364 
9542.020186 
(10,11) 35649.079313 126.130786 
35649.079313 
(10,15) 22603.916462 13.048530 
22603.916462 
(10,16) 19498.096340 160.096298 
19498.096340 
(10,17) 8935.411760 204.850070 
8935.411760 
(11,4) 9118.103050 177.423227 
9118.103050 
(11,10) 35442.674216 123.349709 
35442.674216 
(11,12) 19791.236618 243.806337 
19791.236618 
(11,14) 18439.739645 126.668915 
18439.739645 
(12,3) 11218.473509 5.115663 
11218.473509 
(12,11) 19725.695436 240.671847 
19725.695436 
(12,13) 0.000000 9999.000000 
0.000000 
(13,12) 0.000000 9999.000000 
0.000000 
(13,24) 14600.000000 653.206508 
14600.000000 
(14,11) 18474.865921 127.606288 
18474.865921 
(14,15) 10763.850836 238.034598 
10763.850836 
(14,23) 19323.298063 146.208378 
19323.298063 
(15,10) 22753.704974 13.237228 
22753.704974 
(15,14) 10783.558417 239.745947 
10783.558417 
(15,19) 0.000000 9999.000000 
0.000000 
(15,22) 24873.122424 23.286032 
24873.122424 
(16,8) 5717.472143 24.781971 
5717.472143 
(16,10) 19567.063802 162.316580 
19567.063802 
(16,17) 9293.590147 49.862835 
9293.590147 
(16,18) 28973.814256 5.114190 
28973.814256 
(17,10) 8953.189914 206.421386 
8953.189914 
(17,16) 9290.873523 49.806896 
9290.873523 
(17,19) 5932.946229 12.982758 
5932.946229 
(18,7) 22603.931112 6.176917 
22603.931112 
(18,16) 29046.972140 5.135624 
29046.972140 
(18,20) 27123.397664 5.082446 
27123.397664 
(19,15) 0.000000 9999.000000 
0.000000 
(19,17) 5948.007759 13.094707 
5948.007759 
(19,20) 14555.936563 47.005710 
14555.936563 
(20,18) 27123.421346 5.082450 
27123.421346 
(20,19) 14570.998093 47.183985 
14570.998093 
(20,21) 16605.840620 110.403245 
16605.840620 
(20,22) 9225.265519 135.952540 
9225.265519 
(21,20) 16549.971556 109.005294 
16549.971556 
(21,22) 15567.123863 25.549294 
15567.123863 
(21,24) 12976.701937 361.430032 
12976.701937 
(22,15) 24942.618517 23.513702 
24942.618517 
(22,20) 9196.219796 134.311097 
9196.219796 
(22,21) 15526.673493 25.305480 
15526.673493 
(22,23) 0.000000 9999.000000 
0.000000 
(23,14) 19338.716757 146.662813 
19338.716757 
(23,22) 0.000000 9999.000000 
0.000000 
(23,24) 14873.068928 24.068809 
14873.068928 
(24,13) 14500.000000 635.601933 
14500.000000 
(24,21) 12961.283243 359.729544 
12961.283243 
(24,23) 14888.487623 24.160465 
14888.487623 
