(1,2) 4813.468137 6.017178 
4813.468137 
(1,3) 8164.746566 4.142207 
8164.746566 
(2,1) 4827.967348 6.017386 
4827.967348 
(2,6) 4435.253434 12.683614 
4435.253434 
(3,1) 8150.247355 4.141199 
8150.247355 
(3,4) 16154.387106 4.476716 
16154.387106 
(3,12) 10109.561508 4.020891 
10109.561508 
(4,3) 16123.029645 4.473026 
16123.029645 
(4,5) 17945.487137 6.978084 
17945.487137 
(4,11) 6008.899969 38.331926 
6008.899969 
(5,4) 18001.185304 7.040175 
18001.185304 
(5,6) 8359.029692 8.887171 
8359.029692 
(5,9) 15308.242742 70.899574 
15308.242742 
(6,2) 4449.752645 12.784581 
4449.752645 
(6,5) 8378.758236 8.933473 
8378.758236 
(6,8) 10972.497830 122.831376 
10972.497830 
(7,8) 17292.526635 13.640959 
17292.526635 
(7,18) 20342.198566 4.739754 
20342.198566 
(8,6) 11006.725584 124.346137 
11006.725584 
(8,7) 17242.198566 13.517621 
17242.198566 
(8,9) 6119.974204 61.758020 
6119.974204 
(8,16) 5538.896559 22.423940 
5538.896559 
(9,5) 15344.212365 71.521135 
15344.212365 
(9,8) 6092.954776 60.850017 
6092.954776 
(9,10) 17799.645447 22.272881 
17799.645447 
(10,9) 17908.595642 22.749102 
17908.595642 
(10,11) 29616.087086 62.699490 
29616.087086 
(10,15) 28806.781405 24.592711 
28806.781405 
(10,16) 15161.272877 61.064552 
15161.272877 
(10,17) 1847.596009 163.926239 
1847.596009 
(11,4) 6021.844340 38.611425 
6021.844340 
(11,10) 29500.362324 61.802920 
29500.362324 
(11,12) 12760.386790 47.094817 
12760.386790 
(11,14) 12068.205323 26.505369 
12068.205323 
(12,3) 10126.419758 4.021031 
10126.419758 
(12,11) 12739.754150 46.829672 
12739.754150 
(12,13) 15369.948297 3.892914 
15369.948297 
(13,12) 15466.173908 3.915486 
15466.173908 
(13,24) 7570.605310 50.934680 
7570.605310 
(14,11) 12086.057573 26.638832 
12086.057573 
(14,15) 8115.397514 80.298948 
8115.397514 
(14,23) 10653.392829 17.138686 
10653.392829 
(15,10) 28893.690354 24.818102 
28893.690354 
(15,14) 8164.443214 82.135804 
8164.443214 
(15,19) 21234.129973 35.528038 
21234.129973 
(15,22) 18788.048946 9.603932 
18788.048946 
(16,8) 5549.815673 22.561741 
5549.815673 
(16,10) 15197.485371 61.611700 
15197.485371 
(16,17) 11200.139712 102.962040 
11200.139712 
(16,18) 24923.527891 4.157602 
24923.527891 
(17,10) 1849.149522 164.451330 
1849.149522 
(17,16) 11199.169799 102.927072 
11199.169799 
(17,19) 10351.680679 103.782524 
10351.680679 
(18,7) 20392.526635 4.766968 
20392.526635 
(18,16) 24971.629412 4.166565 
24971.629412 
(18,20) 22094.222038 11.625439 
22094.222038 
(19,15) 21263.942614 35.711100 
21263.942614 
(19,17) 10352.264279 103.805478 
10352.264279 
(19,20) 10736.297103 16.728687 
10736.297103 
(20,18) 22092.651628 11.623271 
22092.651628 
(20,19) 10766.693344 16.873448 
10766.693344 
(20,21) 10297.690633 21.439382 
10297.690633 
(20,22) 6771.251371 43.007926 
6771.251371 
(21,20) 10242.382749 21.110351 
10242.382749 
(21,22) 2946.746875 64.086349 
2946.746875 
(21,24) 9044.724459 87.591833 
9044.724459 
(22,15) 18794.190955 9.612572 
18794.190955 
(22,20) 6755.385086 42.652938 
6755.385086 
(22,21) 2947.033826 64.110536 
2947.033826 
(22,23) 1923.807291 108.930984 
1923.807291 
(23,14) 10622.199379 16.985479 
10622.199379 
(23,22) 1914.369966 106.887110 
1914.369966 
(23,24) 11284.174947 9.312330 
11284.174947 
(24,13) 7566.830921 50.841151 
7566.830921 
(24,21) 8989.129624 85.531102 
8989.129624 
(24,23) 11243.544171 9.207580 
11243.544171 
