(1,2) 4964.037252 6.019431 
4964.037252 
(1,3) 8384.269902 4.158129 
8384.269902 
(2,1) 4984.269902 6.019750 
4984.269902 
(2,6) 4215.730098 11.271667 
4215.730098 
(3,1) 8364.037252 4.156608 
8364.037252 
(3,4) 15216.327437 4.375264 
15216.327437 
(3,12) 11434.206504 19.468077 
11434.206504 
(4,3) 15162.786292 4.370011 
15162.786292 
(4,5) 16457.406969 5.521169 
16457.406969 
(4,11) 6460.372169 49.199809 
6460.372169 
(5,4) 16494.578674 5.553089 
16494.578674 
(5,6) 8306.475741 8.765421 
8306.475741 
(5,9) 11462.570928 25.716166 
11462.570928 
(6,2) 4235.962748 11.392935 
4235.962748 
(6,5) 8323.819704 8.805347 
8323.819704 
(6,8) 11306.475741 138.228109 
11306.475741 
(7,8) 15560.554928 9.976656 
15560.554928 
(7,18) 18605.476072 3.917269 
18605.476072 
(8,6) 11344.052354 140.048151 
11344.052354 
(8,7) 15505.476072 9.878399 
15505.476072 
(8,9) 7439.070266 122.993622 
7439.070266 
(8,16) 5076.183877 17.291439 
5076.183877 
(9,5) 11482.398670 25.859876 
11482.398670 
(9,8) 7410.700714 121.279812 
7410.700714 
(9,10) 16487.386720 17.187587 
16487.386720 
(10,9) 16578.844909 17.505019 
16578.844909 
(10,11) 24350.246550 31.367850 
24350.246550 
(10,15) 7986.060986 405.100130 
7986.060986 
(10,16) 18157.285472 121.389011 
18157.285472 
(10,17) 8671.281318 182.586394 
8671.281318 
(11,4) 6469.659319 49.448754 
6469.659319 
(11,10) 24248.330824 30.929173 
24248.330824 
(11,12) 11647.012459 34.522649 
11647.012459 
(11,14) 21800.039348 243.631824 
21800.039348 
(12,3) 11467.514999 19.649103 
11467.514999 
(12,11) 11625.795287 34.315379 
11625.795287 
(12,13) 16144.785875 4.087049 
16144.785875 
(13,12) 16256.877197 4.117554 
16256.877197 
(13,24) 11744.785875 275.864095 
11744.785875 
(14,11) 21828.627945 244.891313 
21828.627945 
(14,15) 9215.099325 130.184282 
9215.099325 
(14,23) 10284.940024 15.413195 
10284.940024 
(15,10) 8003.444936 408.586516 
8003.444936 
(15,14) 9262.335502 132.770841 
9262.335502 
(15,19) 14706.191536 10.483777 
14706.191536 
(15,22) 15036.147435 5.709082 
15036.147435 
(16,8) 5087.051187 17.397033 
5087.051187 
(16,10) 18214.584084 122.877809 
18214.584084 
(16,17) 9800.814525 61.198818 
9800.814525 
(16,18) 20034.010313 3.483273 
20034.010313 
(17,10) 8689.972670 184.096585 
8689.972670 
(17,16) 9801.638596 61.218731 
9801.638596 
(17,19) 12672.095842 230.572271 
12672.095842 
(18,7) 18660.554928 3.940074 
18660.554928 
(18,16) 20101.352163 3.489804 
20101.352163 
(18,20) 16697.017948 278.468019 
16697.017948 
(19,15) 14703.683598 10.478674 
14703.683598 
(19,17) 12691.611267 231.983561 
12691.611267 
(19,20) 8808.388733 9.767019 
8808.388733 
(20,18) 16719.438655 279.945210 
16719.438655 
(20,19) 8825.396220 9.811689 
8825.396220 
(20,21) 7815.650729 11.123080 
7815.650729 
(20,22) 4917.907113 15.575958 
4917.907113 
(21,20) 7756.812981 10.970543 
7756.812981 
(21,22) 8982.053676 4.610039 
8982.053676 
(21,24) 9862.934504 122.611151 
9862.934504 
(22,15) 15003.275500 5.685469 
15003.275500 
(22,20) 4916.173054 15.561049 
4916.173054 
(22,21) 8965.632343 4.591004 
8965.632343 
(22,23) 9383.605684 123.088607 
9383.605684 
(23,14) 10266.292443 15.330647 
10266.292443 
(23,22) 9332.578358 120.519281 
9332.578358 
(23,24) 8665.895230 4.543491 
8665.895230 
(24,13) 11756.877197 276.985368 
11756.877197 
(24,21) 9820.518087 120.566793 
9820.518087 
(24,23) 8596.220324 4.462673 
8596.220324 
