(1,2) 6338.759029 8.983130 
6338.759029 
(1,3) 6061.240971 4.043191 
6061.240971 
(2,1) 6357.841888 9.019215 
6357.841888 
(2,6) 6538.759029 41.297198 
6538.759029 
(3,1) 6042.158112 4.042650 
6042.158112 
(3,4) 8461.240971 4.035879 
8461.240971 
(3,12) 0.000000 9999.000000 
0.000000 
(4,3) 8442.158112 4.035556 
8442.158112 
(4,5) 15415.767412 4.710827 
15415.767412 
(4,11) 8608.870706 142.218603 
8608.870706 
(5,4) 15450.253738 4.735166 
15450.253738 
(5,6) 13523.113160 37.476559 
13523.113160 
(5,9) 10302.384164 18.518615 
10302.384164 
(6,2) 6557.841888 41.722778 
6557.841888 
(6,5) 13568.537363 37.928622 
13568.537363 
(6,8) 20461.872189 1463.299300 
20461.872189 
(7,8) 27208.812408 68.220678 
27208.812408 
(7,18) 25421.386579 8.682161 
25421.386579 
(8,6) 20526.379251 1481.813895 
20526.379251 
(8,7) 27121.386579 67.386455 
27121.386579 
(8,9) 14257.284553 1534.496936 
14257.284553 
(8,16) 8661.976643 109.212874 
8661.976643 
(9,5) 10291.446287 18.461297 
10291.446287 
(9,8) 14221.491033 1519.245233 
14221.491033 
(9,10) 24844.979500 76.156985 
24844.979500 
(10,9) 24898.248103 76.786411 
24898.248103 
(10,11) 28747.635940 56.223566 
28747.635940 
(10,15) 20107.940425 1666.840102 
20107.940425 
(10,16) 7400.743830 1639.154584 
7400.743830 
(10,17) 7534.612448 1924.331637 
7534.612448 
(11,4) 8655.301520 145.181172 
8655.301520 
(11,10) 28625.780560 55.360567 
28625.780560 
(11,12) 23537.047512 481.707101 
23537.047512 
(11,14) 10411.727334 1663.842867 
10411.727334 
(12,3) 0.000000 9999.000000 
0.000000 
(12,11) 23538.387259 481.815421 
23538.387259 
(12,13) 12212.969776 32.940107 
12212.969776 
(13,12) 12314.309523 33.946282 
12314.309523 
(13,24) 2361.612741 2198.823456 
2361.612741 
(14,11) 10434.963022 1678.709522 
10434.963022 
(14,15) 7457.305178 58.688020 
7457.305178 
(14,23) 4600.000000 56.381347 
4600.000000 
(15,10) 20150.876128 1681.070909 
20150.876128 
(15,14) 7556.463130 61.600985 
7556.463130 
(15,19) 15688.306602 12.692242 
15688.306602 
(15,22) 19030.586077 9.951596 
19030.586077 
(16,8) 8674.851397 109.833846 
8674.851397 
(16,10) 7418.056466 1654.508893 
7418.056466 
(16,17) 15865.387552 408.506128 
15865.387552 
(16,18) 20876.404342 32.881428 
20876.404342 
(17,10) 7549.488091 1939.510227 
7549.488091 
(17,16) 15850.511909 406.983684 
15850.511909 
(17,19) 0.000000 9999.000000 
0.000000 
(18,7) 25508.812408 8.774558 
25508.812408 
(18,16) 20921.467376 33.140268 
20921.467376 
(18,20) 38018.719499 70.855928 
38018.719499 
(19,15) 15710.918318 12.748241 
15710.918318 
(19,17) 0.000000 9999.000000 
0.000000 
(19,20) 16688.306602 78.304410 
16688.306602 
(20,18) 38051.208362 71.084748 
38051.208362 
(20,19) 16710.918318 78.707942 
16710.918318 
(20,21) 14516.612216 66.972168 
14516.612216 
(20,22) 3735.175241 87.435962 
3735.175241 
(21,20) 14479.092549 66.344253 
14479.092549 
(21,22) 14648.532486 20.463790 
14648.532486 
(21,24) 7877.515723 51.674801 
7877.515723 
(22,15) 19050.068016 9.980106 
19050.068016 
(22,20) 3727.795487 86.786400 
3727.795487 
(22,21) 14644.237056 20.442143 
14644.237056 
(22,23) 7609.514501 55.501397 
7609.514501 
(23,14) 4524.077736 53.007841 
4524.077736 
(23,22) 7617.321256 55.713068 
7617.321256 
(23,24) 5282.678744 25.512198 
5282.678744 
(24,13) 2362.952488 2203.808204 
2362.952488 
(24,21) 7844.291486 50.858818 
7844.291486 
(24,23) 5214.563235 24.322775 
5214.563235 
