(1,2) 6253.657638 6.048943 
6253.657638 
(1,3) 9661.067843 4.278773 
9661.067843 
(2,1) 6284.641136 6.049920 
6284.641136 
(2,6) 8053.657638 88.534219 
8053.657638 
(3,1) 9630.084345 4.275214 
9630.084345 
(3,4) 9942.092087 4.068393 
9942.092087 
(3,12) 9925.699260 4.019412 
9925.699260 
(4,3) 9890.907115 4.066995 
9890.907115 
(4,5) 8522.020270 87.531492 
8522.020270 
(4,11) 7020.071818 66.230699 
7020.071818 
(5,4) 8553.273854 88.793121 
8553.273854 
(5,6) 7548.935162 7.250700 
7548.935162 
(5,9) 11273.085107 24.379938 
11273.085107 
(6,2) 8084.641136 89.827126 
8084.641136 
(6,5) 7555.001026 7.261161 
7555.001026 
(6,8) 12202.592800 186.827327 
12202.592800 
(7,8) 15783.509387 10.385183 
15783.509387 
(7,18) 19069.550777 4.115835 
19069.550777 
(8,6) 12239.642161 189.082252 
12239.642161 
(8,7) 15733.476599 10.291985 
15733.476599 
(8,9) 8137.616331 171.796129 
8137.616331 
(8,16) 5197.994017 18.514390 
5197.994017 
(9,5) 11298.272829 24.553724 
11298.272829 
(9,8) 8110.284584 169.633362 
8110.284584 
(9,10) 16844.207291 18.456229 
16844.207291 
(10,9) 16942.063266 18.818541 
16942.063266 
(10,11) 29948.032422 65.330155 
29948.032422 
(10,15) 28230.779501 23.149649 
28230.779501 
(10,16) 19795.098161 169.826676 
19795.098161 
(10,17) 9070.888195 217.062696 
9070.888195 
(11,4) 7037.633261 66.835658 
7037.633261 
(11,10) 29826.234973 64.354685 
29826.234973 
(11,12) 14078.042115 66.883658 
14078.042115 
(11,14) 11584.452329 23.108096 
11584.452329 
(12,3) 9945.900734 4.019571 
9945.900734 
(12,11) 14045.105791 66.315892 
14045.105791 
(12,13) 13372.493910 3.511646 
13372.493910 
(13,12) 13459.759060 3.525133 
13459.759060 
(13,24) 8059.144484 64.273611 
8059.144484 
(14,11) 11613.152647 23.298161 
11613.152647 
(14,15) 7648.414398 64.406691 
7648.414398 
(14,23) 8891.766923 10.376061 
8891.766923 
(15,10) 28274.693703 23.256607 
28274.693703 
(15,14) 7676.643475 65.288601 
7676.643475 
(15,19) 0.000000 9999.000000 
0.000000 
(15,22) 19323.464907 10.389514 
19323.464907 
(16,8) 5212.342338 18.664227 
5212.342338 
(16,10) 19852.448517 171.756775 
19852.448517 
(16,17) 9163.365165 47.236014 
9163.365165 
(16,18) 24457.713831 4.073457 
24457.713831 
(17,10) 9089.277062 218.763139 
9089.277062 
(17,16) 9157.897481 47.128143 
9157.897481 
(17,19) 5906.811485 12.790515 
5906.811485 
(18,7) 19119.583565 4.138128 
19119.583565 
(18,16) 24534.880190 4.087069 
24534.880190 
(18,20) 19497.777737 8.624773 
19497.777737 
(19,15) 0.000000 9999.000000 
0.000000 
(19,17) 5919.732667 12.885243 
5919.732667 
(19,20) 14552.825457 46.968955 
14552.825457 
(20,18) 19524.976885 8.650633 
19524.976885 
(20,19) 14565.746640 47.121764 
14565.746640 
(20,21) 18268.450013 158.924596 
18268.450013 
(20,22) 2612.565917 192.442177 
2612.565917 
(21,20) 18214.691544 157.132484 
18214.691544 
(21,22) 16743.724595 33.517565 
16743.724595 
(21,24) 8589.946958 71.819102 
8589.946958 
(22,15) 19295.608185 10.346995 
19295.608185 
(22,20) 2606.444715 190.691645 
2606.444715 
(22,21) 16749.246260 33.559161 
16749.246260 
(22,23) 7947.462156 65.278072 
7947.462156 
(23,14) 8892.238165 10.377413 
8892.238165 
(23,22) 7919.005897 64.405138 
7919.005897 
(23,24) 3956.462676 40.101281 
3956.462676 
(24,13) 8046.409634 63.893542 
8046.409634 
(24,21) 8530.666825 69.938965 
8530.666825 
(24,23) 3928.477659 39.034666 
3928.477659 
