(1,2) 4335.292238 6.011304 
4335.292238 
(1,3) 7313.512723 4.091549 
7313.512723 
(2,1) 4335.205822 6.011303 
4335.205822 
(2,6) 5336.427184 21.102530 
5336.427184 
(3,1) 7313.599139 4.091553 
7313.599139 
(3,4) 9530.696652 16.419100 
9530.696652 
(3,12) 13122.962067 4.059314 
13122.962067 
(4,3) 9490.003075 16.208349 
9490.003075 
(4,5) 14748.611487 4.271150 
14748.611487 
(4,11) 7378.290580 79.497861 
7378.290580 
(5,4) 14786.721997 4.294716 
14786.721997 
(5,6) 8601.577360 9.479570 
8601.577360 
(5,9) 13448.169074 44.249478 
13448.169074 
(6,2) 5336.340768 21.101487 
5336.340768 
(6,5) 8639.644798 9.577218 
8639.644798 
(6,8) 10936.869598 121.269622 
10936.869598 
(7,8) 17958.360783 15.376953 
17958.360783 
(7,18) 20996.686979 5.109733 
20996.686979 
(8,6) 10974.850619 122.935047 
10974.850619 
(8,7) 17896.686979 15.207803 
17896.686979 
(8,9) 6785.589656 88.222134 
6785.589656 
(8,16) 5688.395097 24.382614 
5688.395097 
(9,5) 13448.212146 44.249981 
13448.212146 
(9,8) 6748.212477 86.512832 
6748.212477 
(9,10) 11635.609839 79.152500 
11635.609839 
(10,9) 11698.275733 80.806339 
11698.275733 
(10,11) 27665.643968 48.936393 
27665.643968 
(10,15) 24534.265646 15.782639 
24534.265646 
(10,16) 13451.480177 39.359333 
13451.480177 
(10,17) 6742.396089 71.816700 
6742.396089 
(11,4) 7399.486493 80.346069 
7399.486493 
(11,10) 27532.348191 48.095733 
27532.348191 
(11,12) 15371.210146 92.529449 
15371.210146 
(11,14) 11127.046265 20.264284 
11127.046265 
(12,3) 13163.742060 4.060055 
13163.742060 
(12,11) 15341.287758 91.857643 
15341.287758 
(12,13) 13671.333798 3.558938 
13671.333798 
(13,12) 13782.191403 3.577289 
13782.191403 
(13,24) 8959.729748 96.076983 
8959.729748 
(14,11) 11144.868789 20.368739 
11144.868789 
(14,15) 7235.627435 52.583295 
7235.627435 
(14,23) 8558.289580 9.472025 
8558.289580 
(15,10) 24602.657884 15.892177 
24602.657884 
(15,14) 7267.136836 53.417579 
7267.136836 
(15,19) 18001.240221 19.800790 
18001.240221 
(15,22) 17765.888589 8.279875 
17765.888589 
(16,8) 5702.079492 24.569801 
5702.079492 
(16,10) 13477.641817 39.635216 
13477.641817 
(16,17) 8774.365460 40.030079 
8774.365460 
(16,18) 24371.213490 4.058351 
24371.213490 
(17,10) 6743.803882 71.870015 
6743.803882 
(17,16) 8775.578773 40.051119 
8775.578773 
(17,19) 7880.617344 36.187765 
7880.617344 
(18,7) 21058.360783 5.146431 
21058.360783 
(18,16) 24409.846212 4.065078 
24409.846212 
(18,20) 21403.437343 10.715589 
21403.437343 
(19,15) 18018.244867 19.864362 
18018.244867 
(19,17) 7883.238451 36.233271 
7883.238451 
(19,20) 11101.050691 18.548622 
11101.050691 
(20,18) 21403.743868 10.715973 
21403.743868 
(20,19) 11120.676444 18.651778 
11120.676444 
(20,21) 8854.806560 14.440863 
8854.806560 
(20,22) 6113.954136 30.263129 
6113.954136 
(21,20) 8784.388894 14.175546 
8784.388894 
(21,22) 3918.207479 28.880185 
3918.207479 
(21,24) 8167.707544 59.253272 
8167.707544 
(22,15) 17748.785582 8.259572 
17748.785582 
(22,20) 6104.304081 30.104008 
6104.304081 
(22,21) 3912.900984 28.734863 
3912.900984 
(22,23) 7576.448887 54.612059 
7576.448887 
(23,14) 8544.602703 9.437104 
8544.602703 
(23,22) 7544.389330 53.760826 
7544.389330 
(23,24) 11802.446011 10.751140 
11802.446011 
(24,13) 8970.587353 96.524119 
8970.587353 
(24,21) 8102.596372 57.480853 
8102.596372 
(24,23) 11756.699577 10.616249 
11756.699577 
