(1,2) 5237.308747 6.024076 
5237.308747 
(1,3) 7762.691253 4.116198 
7762.691253 
(2,1) 5265.160040 6.024592 
5265.160040 
(2,6) 4837.308747 15.871939 
4837.308747 
(3,1) 7734.839960 4.114540 
7734.839960 
(3,4) 11924.844917 4.141550 
11924.844917 
(3,12) 7749.525510 39.624278 
7749.525510 
(4,3) 11689.786473 4.130715 
11689.786473 
(4,5) 13067.505978 3.399626 
13067.505978 
(4,11) 8057.338939 110.524527 
8057.338939 
(5,4) 12970.935602 3.358709 
12970.935602 
(5,6) 10000.000000 14.010000 
10000.000000 
(5,9) 8367.505978 166.331804 
8367.505978 
(6,2) 4865.160040 16.124495 
4865.160040 
(6,5) 9941.005905 13.775870 
9941.005905 
(6,8) 13637.308747 290.318426 
13637.308747 
(7,8) 18410.697517 16.671870 
18410.697517 
(7,18) 17831.415979 3.617571 
17831.415979 
(8,6) 13606.165945 287.693763 
13606.165945 
(8,7) 18418.941705 16.696376 
18418.941705 
(8,9) 8221.018671 178.531786 
8221.018671 
(8,16) 5707.616268 24.645922 
5707.616268 
(9,5) 8329.929698 163.453271 
8329.929698 
(9,8) 8193.475734 176.284578 
8193.475734 
(9,10) 20289.806343 35.539647 
20289.806343 
(10,9) 20324.687126 35.763984 
20324.687126 
(10,11) 33008.368517 94.034331 
33008.368517 
(10,15) 33254.453746 39.018933 
33254.453746 
(10,16) 0.000000 9999.000000 
0.000000 
(10,17) 9090.704965 218.895612 
9090.704965 
(11,4) 8018.850871 108.541633 
8018.850871 
(11,10) 33071.128467 94.713401 
33071.128467 
(11,12) 14203.219064 69.078134 
14203.219064 
(11,14) 15246.815490 61.336604 
15246.815490 
(12,3) 7956.732661 43.589926 
7956.732661 
(12,11) 14527.640859 75.041796 
14527.640859 
(12,13) 10146.486403 71.891125 
10146.486403 
(13,12) 10778.115349 12.577041 
10778.115349 
(13,24) 8010.205477 62.822851 
8010.205477 
(14,11) 15046.665579 58.384665 
15046.665579 
(14,15) 0.000000 9999.000000 
0.000000 
(14,23) 12253.334421 26.994148 
12253.334421 
(15,10) 33106.805618 38.436417 
33106.805618 
(15,14) 0.000000 9999.000000 
0.000000 
(15,19) 13850.176325 134.303692 
13850.176325 
(15,22) 23581.194662 19.388495 
23581.194662 
(16,8) 5712.260591 24.709944 
5712.260591 
(16,10) 0.000000 9999.000000 
0.000000 
(16,17) 11002.279937 96.014560 
11002.279937 
(16,18) 25778.625689 4.324830 
25778.625689 
(17,10) 9110.473925 220.736088 
9110.473925 
(17,16) 10990.886280 95.625729 
10990.886280 
(17,19) 3298.639795 115.528408 
3298.639795 
(18,7) 17823.171790 3.614581 
17823.171790 
(18,16) 25794.663668 4.328130 
25794.663668 
(18,20) 30519.630361 31.763042 
30519.630361 
(19,15) 13861.885146 134.748267 
13861.885146 
(19,17) 3307.015098 116.685809 
3307.015098 
(19,20) 11700.371617 21.954120 
11700.371617 
(20,18) 30427.424152 31.429048 
30427.424152 
(20,19) 11720.455741 22.077714 
11720.455741 
(20,21) 16136.788540 99.097704 
16136.788540 
(20,22) 9263.667773 138.146671 
9263.667773 
(21,20) 15986.872262 95.685980 
15986.872262 
(21,22) 17434.437209 39.048967 
17434.437209 
(21,24) 10302.351331 145.394265 
10302.351331 
(22,15) 23321.837713 18.679310 
23321.837713 
(22,20) 9241.461967 136.874598 
9241.461967 
(22,21) 17676.666785 41.151272 
17676.666785 
(22,23) 9853.184510 148.776368 
9853.184510 
(23,14) 12053.184510 25.528184 
12053.184510 
(23,22) 9813.851330 146.478428 
9813.851330 
(23,24) 2739.483091 92.202991 
2739.483091 
(24,13) 8541.834423 80.063453 
8541.834423 
(24,21) 9910.205477 124.920774 
9910.205477 
(24,23) 2500.000000 64.561403 
2500.000000 
