(1,2) 5698.649922 6.002109 
5698.649922 
(1,3) 7911.515891 4.125369 
7911.515891 
(2,1) 5711.515891 6.002128 
5711.515891 
(2,6) 5298.649922 20.651381 
5298.649922 
(3,1) 7898.649922 4.124555 
7898.649922 
(3,4) 19671.040403 5.048111 
19671.040403 
(3,12) 13948.578159 4.075709 
13948.578159 
(4,3) 19637.062268 5.040888 
19637.062268 
(4,5) 23052.031415 15.554330 
23052.031415 
(4,11) 4793.343760 227.351290 
4793.343760 
(5,4) 23106.373378 15.682592 
23106.373378 
(5,6) 8860.944737 10.170981 
8860.944737 
(5,9) 19691.086678 185.409740 
19691.086678 
(6,2) 5311.515891 20.803952 
5311.515891 
(6,5) 8874.192731 10.207968 
8874.192731 
(6,8) 12959.594659 237.138302 
12959.594659 
(7,8) 19068.208004 18.732092 
19068.208004 
(7,18) 22186.077326 5.876520 
22186.077326 
(8,6) 12985.708622 239.039281 
12985.708622 
(8,7) 19027.200272 18.597196 
19027.200272 
(8,9) 6149.026385 62.747844 
6149.026385 
(8,16) 5956.547802 28.304075 
5956.547802 
(9,5) 19732.180647 186.920473 
19732.180647 
(9,8) 6124.153416 61.899543 
6124.153416 
(9,10) 21966.933262 47.707352 
21966.933262 
(10,9) 22083.154262 48.661025 
22083.154262 
(10,11) 21772.088724 21.852396 
21772.088724 
(10,15) 22538.626570 12.967445 
22538.626570 
(10,16) 14845.166961 56.452247 
14845.166961 
(10,17) 6916.251926 78.657865 
6916.251926 
(11,4) 4805.023663 229.516648 
4805.023663 
(11,10) 21598.283681 21.320679 
21598.283681 
(11,12) 4067.065061 238.528060 
4067.065061 
(11,14) 11472.649086 22.381046 
11472.649086 
(12,3) 13969.690325 4.076169 
13969.690325 
(12,11) 4058.060354 236.475570 
4058.060354 
(12,13) 11839.037494 17.760943 
11839.037494 
(13,12) 11951.144953 18.328038 
11951.144953 
(13,24) 11097.914549 220.738941 
11097.914549 
(14,11) 11419.528652 22.042973 
11419.528652 
(14,15) 6549.564619 36.944747 
6549.564619 
(14,23) 9486.214674 12.259846 
9486.214674 
(15,10) 22675.986627 13.138855 
22675.986627 
(15,14) 6553.825858 37.027962 
6553.825858 
(15,19) 10051.829791 44.887073 
10051.829791 
(15,22) 20354.372911 12.097180 
20354.372911 
(16,8) 5966.527003 28.460636 
5966.527003 
(16,10) 14907.696934 57.341592 
14907.696934 
(16,17) 8541.900772 36.157214 
8541.900772 
(16,18) 22889.601059 3.823520 
22889.601059 
(17,10) 6906.387939 78.255636 
6906.387939 
(17,16) 8545.789614 36.219459 
8545.789614 
(17,19) 7947.822447 37.368967 
7947.822447 
(18,7) 22227.085058 5.905261 
22227.085058 
(18,16) 22958.221390 3.833440 
22958.221390 
(18,20) 20301.864403 9.436178 
20301.864403 
(19,15) 10077.397224 45.314871 
10077.397224 
(19,17) 7941.847302 37.262726 
7941.847302 
(19,20) 9591.504267 12.107975 
9591.504267 
(20,18) 20311.492466 9.446498 
20311.492466 
(20,19) 9611.096555 12.174426 
9611.096555 
(20,21) 12299.150644 37.417456 
12299.150644 
(20,22) 6874.632252 45.382789 
6874.632252 
(21,20) 12251.431994 36.932709 
12251.431994 
(21,22) 11043.902062 7.965331 
11043.902062 
(21,24) 7227.686463 37.494058 
7227.686463 
(22,15) 20370.426773 12.125914 
20370.426773 
(22,20) 6851.571255 44.843652 
6851.571255 
(22,21) 11024.408894 7.923326 
11024.408894 
(22,23) 6828.509686 37.396037 
6828.509686 
(23,14) 9428.833001 12.061799 
9428.833001 
(23,22) 6802.009383 36.880629 
6802.009383 
(23,24) 10752.502824 8.028577 
10752.502824 
(24,13) 11110.022007 221.686310 
11110.022007 
(24,21) 7199.460980 36.958383 
7199.460980 
(24,23) 10668.620848 7.842647 
10668.620848 
