(1,2) 4000.000000 6.000512 
4000.000000 
(1,3) 12600.000000 4.806552 
12600.000000 
(2,1) 4000.000000 6.000512 
4000.000000 
(2,6) 0.000000 9999.000000 
0.000000 
(3,1) 12600.000000 4.806552 
12600.000000 
(3,4) 21884.838768 5.605726 
21884.838768 
(3,12) 11656.382738 4.036922 
11656.382738 
(4,3) 21856.382738 5.597391 
21856.382738 
(4,5) 23035.341691 15.515119 
23035.341691 
(4,11) 5701.033410 32.197873 
5701.033410 
(5,4) 23102.190927 15.672688 
23102.190927 
(5,6) 13132.060918 33.769095 
13132.060918 
(5,9) 14403.280774 56.644842 
14403.280774 
(6,2) 0.000000 9999.000000 
0.000000 
(6,5) 13176.534324 34.174416 
13176.534324 
(6,8) 12932.060918 235.146378 
12932.060918 
(7,8) 17310.333051 13.684856 
17310.333051 
(7,18) 20331.559686 4.734027 
20331.559686 
(8,6) 12976.534324 238.370125 
12976.534324 
(8,7) 17231.559686 13.491687 
17231.559686 
(8,9) 8639.713850 215.578040 
8639.713850 
(8,16) 5464.335651 21.504517 
5464.335651 
(9,5) 14425.656603 56.966516 
14425.656603 
(9,8) 8604.752555 212.270631 
8604.752555 
(9,10) 17539.446354 21.170411 
17539.446354 
(10,9) 17626.860888 21.535365 
17626.860888 
(10,11) 29521.605306 61.966710 
29521.605306 
(10,15) 12261.648147 351.972867 
12261.648147 
(10,16) 20967.692255 212.749907 
20967.692255 
(10,17) 9065.221759 216.540794 
9065.221759 
(11,4) 5705.728145 32.284274 
5705.728145 
(11,10) 29396.033943 61.003636 
29396.033943 
(11,12) 11671.569565 34.763965 
11671.569565 
(11,14) 8295.843930 344.633930 
8295.843930 
(12,3) 11684.838768 4.037284 
11684.838768 
(12,11) 11646.785083 34.520422 
11646.785083 
(12,13) 16772.780436 4.266311 
16772.780436 
(13,12) 16876.451984 4.297910 
16876.451984 
(13,24) 10372.780436 332.543979 
10372.780436 
(14,11) 8299.751783 345.276221 
8299.751783 
(14,15) 8639.365128 101.711259 
8639.365128 
(14,23) 10832.807804 18.046377 
10832.807804 
(15,10) 12281.212330 354.186237 
12281.212330 
(15,14) 8688.500207 103.930222 
8688.500207 
(15,19) 3726.262410 148.686625 
3726.262410 
(15,22) 16527.788188 6.954894 
16527.788188 
(16,8) 5464.996987 21.512508 
5464.996987 
(16,10) 21033.229259 215.372059 
21033.229259 
(16,17) 8594.238562 37.002090 
8594.238562 
(16,18) 24600.153922 4.098683 
24600.153922 
(17,10) 9093.106470 219.118551 
9093.106470 
(17,16) 8578.072982 36.739479 
8578.072982 
(17,19) 7287.148777 26.995412 
7287.148777 
(18,7) 20410.333051 4.776645 
20410.333051 
(18,16) 24682.517842 4.113471 
24682.517842 
(18,20) 32682.578710 6.281893 
32682.578710 
(19,15) 3726.774913 148.766791 
3726.774913 
(19,17) 7298.867908 27.156590 
7298.867908 
(19,20) 11402.045635 20.191855 
11402.045635 
(20,18) 32743.715995 6.299015 
32743.715995 
(20,19) 11414.277269 20.261447 
11414.277269 
(20,21) 17022.849346 121.292103 
17022.849346 
(20,22) 9220.103229 135.659671 
9220.103229 
(21,20) 17003.092433 120.757796 
17003.092433 
(21,22) 13252.108583 14.367568 
13252.108583 
(21,24) 9487.703560 105.421587 
9487.703560 
(22,15) 16495.974947 6.924532 
16495.974947 
(22,20) 9213.229060 135.270446 
9213.229060 
(22,21) 13290.795993 14.512622 
13290.795993 
(22,23) 0.000000 9999.000000 
0.000000 
(23,14) 10787.580578 17.813266 
10787.580578 
(23,22) 0.000000 9999.000000 
0.000000 
(23,24) 11204.942468 9.109107 
11204.942468 
(24,13) 10376.451984 333.009392 
10376.451984 
(24,21) 9429.259238 102.921139 
9429.259238 
(24,23) 11159.715242 8.995021 
11159.715242 
