(1,2) 9051.745421 6.013426 
9051.745421 
(1,3) 17053.141510 6.706248 
17053.141510 
(2,1) 9053.141510 6.013435 
9053.141510 
(2,6) 5851.745421 28.282706 
5851.745421 
(3,1) 17051.745421 6.705362 
17051.745421 
(3,4) 27364.247710 7.924932 
27364.247710 
(3,12) 18646.925183 4.241801 
18646.925183 
(4,3) 27340.310909 7.911216 
27340.310909 
(4,5) 23492.315366 16.619904 
23492.315366 
(4,11) 11871.932344 498.648691 
11871.932344 
(5,4) 23551.092872 16.766770 
23551.092872 
(5,6) 1748.254579 65.769900 
1748.254579 
(5,9) 26939.173856 637.001834 
26939.173856 
(6,2) 5853.141510 28.304933 
5853.141510 
(6,5) 1746.858490 65.572828 
1746.858490 
(6,8) 0.000000 9999.000000 
0.000000 
(7,8) 10909.667626 4.685750 
10909.667626 
(7,18) 16226.357615 3.109185 
16226.357615 
(8,6) 0.000000 9999.000000 
0.000000 
(8,7) 10908.280982 4.684893 
10908.280982 
(8,9) 8108.097498 169.461239 
8108.097498 
(8,16) 4292.619579 11.285545 
4292.619579 
(9,5) 26999.347450 642.667550 
26999.347450 
(9,8) 8100.900561 168.895827 
8100.900561 
(9,10) 27238.273295 108.686501 
27238.273295 
(10,9) 27391.249952 111.080820 
27391.249952 
(10,11) 13491.466314 268.987462 
13491.466314 
(10,15) 26929.484298 20.199593 
26929.484298 
(10,16) 15443.754138 65.437746 
15443.754138 
(10,17) 7130.350858 87.821685 
7130.350858 
(11,4) 11889.218037 501.524175 
11889.218037 
(11,10) 13422.475196 263.628945 
13422.475196 
(11,12) 0.000000 9999.000000 
0.000000 
(11,14) 11106.616344 20.145164 
11106.616344 
(12,3) 18669.465896 4.242973 
18669.465896 
(12,11) 0.000000 9999.000000 
0.000000 
(12,13) 15703.416948 3.972964 
15703.416948 
(13,12) 15825.957660 4.003691 
15825.957660 
(13,24) 13788.893800 520.522386 
13788.893800 
(14,11) 11154.910920 20.427815 
11154.910920 
(14,15) 11049.375166 263.762060 
11049.375166 
(14,23) 8702.017279 9.848977 
8702.017279 
(15,10) 26966.758096 20.278373 
26966.758096 
(15,14) 11103.168086 268.838020 
11103.168086 
(15,19) 20566.115405 31.623917 
20566.115405 
(15,22) 18948.940721 9.833066 
18948.940721 
(16,8) 4298.429872 11.319646 
4298.429872 
(16,10) 15556.468002 67.251052 
15556.468002 
(16,17) 8400.000000 33.943426 
8400.000000 
(16,18) 20446.603183 3.524331 
20446.603183 
(17,10) 7102.330971 86.574372 
7102.330971 
(17,16) 8504.504089 35.562966 
8504.504089 
(17,19) 7793.164940 34.695292 
7793.164940 
(18,7) 16227.744259 3.109565 
16227.744259 
(18,16) 20460.623251 3.525771 
20460.623251 
(18,20) 22967.013281 4.556478 
22967.013281 
(19,15) 20562.003822 31.601033 
20562.003822 
(19,17) 7869.649142 35.997832 
7869.649142 
(19,20) 11096.466263 18.524604 
11096.466263 
(20,18) 22882.419993 4.548325 
22882.419993 
(20,19) 11168.838882 18.907253 
11168.838882 
(20,21) 12202.402185 36.440507 
12202.402185 
(20,22) 6668.697522 40.757118 
6668.697522 
(21,20) 12111.124218 35.539856 
12111.124218 
(21,22) 9147.557667 4.807792 
9147.557667 
(21,24) 12044.361855 269.000377 
12044.361855 
(22,15) 18944.119023 9.826114 
18944.119023 
(22,20) 6647.754820 40.310056 
6647.754820 
(22,21) 9116.784047 4.770199 
9116.784047 
(22,23) 11461.656295 269.082306 
11461.656295 
(23,14) 8696.518934 9.834209 
8696.518934 
(23,22) 11405.118274 263.890491 
11405.118274 
(23,24) 8786.419134 4.687969 
8786.419134 
(24,13) 13811.434513 523.908114 
13811.434513 
(24,21) 11983.857508 263.695551 
11983.857508 
(24,23) 8724.382768 4.612855 
8724.382768 
