(1,2) 4460.026037 6.012662 
4460.026037 
(1,3) 7850.331019 6.847458 
7850.331019 
(2,1) 4449.412815 6.012542 
4449.412815 
(2,6) 4749.668981 15.105205 
4749.668981 
(3,1) 7860.944241 6.862888 
7860.944241 
(3,4) 13137.158171 4.208499 
13137.158171 
(3,12) 8044.872581 4.008377 
8044.872581 
(4,3) 13105.816822 4.206516 
13105.816822 
(4,5) 15017.687569 4.441482 
15017.687569 
(4,11) 6382.342165 47.150206 
6382.342165 
(5,4) 15076.212984 4.479764 
15076.212984 
(5,6) 6986.733163 6.385232 
6986.733163 
(5,9) 13426.026054 43.991612 
13426.026054 
(6,2) 4739.055759 15.015186 
4739.055759 
(6,5) 7026.798500 6.440417 
7026.798500 
(6,8) 10446.759200 101.285092 
10446.759200 
(7,8) 9824.957492 79.872989 
9824.957492 
(7,18) 15094.619417 2.830632 
15094.619417 
(8,6) 10476.211315 102.409477 
10476.211315 
(8,7) 9794.619417 78.927886 
9794.619417 
(8,9) 6205.536363 64.713763 
6205.536363 
(8,16) 7928.483988 78.149937 
7928.483988 
(9,5) 13444.486132 44.206500 
13444.486132 
(9,8) 6176.344205 63.691464 
6176.344205 
(9,10) 20449.681849 36.577430 
20449.681849 
(10,9) 20538.949769 37.167575 
20538.949769 
(10,11) 25848.551199 38.481591 
25848.551199 
(10,15) 14611.988616 121.107400 
14611.988616 
(10,16) 17498.781025 105.263968 
17498.781025 
(10,17) 7967.504419 132.441874 
7967.504419 
(11,4) 6392.475402 47.412166 
6392.475402 
(11,10) 25728.592211 37.864374 
25728.592211 
(11,12) 12900.000000 48.923047 
12900.000000 
(11,14) 16321.109034 79.285970 
16321.109034 
(12,3) 8086.827151 4.008553 
8086.827151 
(12,11) 12867.359080 48.490259 
12867.359080 
(12,13) 13944.872581 3.605032 
13944.872581 
(13,12) 14054.186232 3.624227 
14054.186232 
(13,24) 9477.513501 119.278705 
9477.513501 
(14,11) 16343.924203 79.707820 
16343.924203 
(14,15) 8099.273167 79.702289 
8099.273167 
(14,23) 8721.835868 9.902443 
8721.835868 
(15,10) 14655.636626 122.488942 
14655.636626 
(15,14) 8140.744996 81.244114 
8140.744996 
(15,19) 15671.735231 12.651356 
15671.735231 
(15,22) 17588.905028 8.072605 
17588.905028 
(16,8) 7956.790185 79.200181 
7956.790185 
(16,10) 17556.317887 106.602395 
17556.317887 
(16,17) 7911.217047 27.132608 
7911.217047 
(16,18) 21377.092005 3.626492 
21377.092005 
(17,10) 7975.546456 132.945059 
7975.546456 
(17,16) 7906.776118 27.076223 
7906.776118 
(17,19) 7517.677427 30.311605 
7517.677427 
(18,7) 15124.957492 2.837330 
15124.957492 
(18,16) 21467.375994 3.637143 
21467.375994 
(18,20) 22971.711422 12.910937 
22971.711422 
(19,15) 15686.387614 12.687501 
15686.387614 
(19,17) 7521.278534 30.365891 
7521.278534 
(19,20) 9920.842943 13.280253 
9920.842943 
(20,18) 22992.333486 12.942978 
22992.333486 
(20,19) 9939.096434 13.348741 
9939.096434 
(20,21) 8374.259683 12.752370 
8374.259683 
(20,22) 5180.573710 18.022964 
5180.573710 
(21,20) 8329.861576 12.610308 
8329.861576 
(21,22) 9502.207109 5.269206 
9502.207109 
(21,24) 8818.701259 79.447907 
8818.701259 
(22,15) 17559.372484 8.038623 
17559.372484 
(22,20) 5163.847372 17.855590 
5163.847372 
(22,21) 9505.186912 5.273309 
9505.186912 
(22,23) 8371.305098 79.433437 
8371.305098 
(23,14) 8703.179206 9.852102 
8703.179206 
(23,22) 8328.026020 77.885550 
8328.026020 
(23,24) 9278.835048 5.343108 
9278.835048 
(24,13) 9486.827151 119.732516 
9486.827151 
(24,21) 8771.323349 77.818252 
8771.323349 
(24,23) 9216.899308 5.254737 
9216.899308 
