(1,2) 7500.914225 6.006331 
7500.914225 
(1,3) 8031.636585 4.133158 
8031.636585 
(2,1) 4431.636585 6.000771 
4431.636585 
(2,6) 7379.828585 63.894788 
7379.828585 
(3,1) 11100.914225 4.485943 
11100.914225 
(3,4) 7048.582550 67.202529 
7048.582550 
(3,12) 16290.794239 4.140864 
16290.794239 
(4,3) 10859.157654 6.413269 
10859.157654 
(4,5) 12037.376201 3.007787 
12037.376201 
(4,11) 1443.440307 300.633927 
1443.440307 
(5,4) 15915.789993 5.080024 
15915.789993 
(5,6) 3759.808064 4.200031 
3759.808064 
(5,9) 12454.344664 33.871195 
12454.344664 
(6,2) 4310.550945 11.855244 
4310.550945 
(6,5) 7250.138266 6.765790 
7250.138266 
(6,8) 12462.860121 203.107649 
12462.860121 
(7,8) 21766.309753 29.710756 
21766.309753 
(7,18) 25086.260022 8.336708 
25086.260022 
(8,6) 12883.912683 231.693549 
12883.912683 
(8,7) 21186.260022 26.975306 
21186.260022 
(8,9) 8480.055903 200.798144 
8480.055903 
(8,16) 6536.013594 38.783538 
6536.013594 
(9,5) 12842.428255 37.641480 
12842.428255 
(9,8) 8159.413495 173.536634 
8159.413495 
(9,10) 11243.491838 305.051525 
11243.491838 
(10,9) 11410.933021 323.450403 
11410.933021 
(10,11) 25932.790153 38.920188 
25932.790153 
(10,15) 29721.501817 27.069138 
29721.501817 
(10,16) 16686.472052 87.730148 
16686.472052 
(10,17) 8321.789339 156.096284 
8321.789339 
(11,4) 1475.601618 327.783620 
1475.601618 
(11,10) 26354.989861 41.183675 
26354.989861 
(11,12) 20049.496775 256.464169 
20049.496775 
(11,14) 12175.956749 27.319958 
12175.956749 
(12,3) 15549.496775 4.116922 
15549.496775 
(12,11) 20690.794239 290.079795 
20690.794239 
(12,13) 0.000000 9999.000000 
0.000000 
(13,12) 0.000000 9999.000000 
0.000000 
(13,24) 14600.000000 874.673431 
14600.000000 
(14,11) 12089.020304 26.661039 
12089.020304 
(14,15) 6743.947429 40.909258 
6743.947429 
(14,23) 6283.857925 212.942353 
6283.857925 
(15,10) 29669.646844 26.922485 
29669.646844 
(15,14) 6659.846449 39.151248 
6659.846449 
(15,19) 19900.558516 28.094644 
19900.558516 
(15,22) 35009.610184 82.620513 
35009.610184 
(16,8) 6697.658833 42.251643 
6697.658833 
(16,10) 17271.235200 100.098664 
17271.235200 
(16,17) 3617.256556 248.801304 
3617.256556 
(16,18) 21184.088364 3.604172 
21184.088364 
(17,10) 7434.122640 102.318346 
7434.122640 
(17,16) 5629.758925 182.704600 
5629.758925 
(17,19) 10336.118435 103.171842 
10336.118435 
(18,7) 25666.309753 8.943424 
25666.309753 
(18,16) 19917.994383 3.472176 
19917.994383 
(18,20) 26433.781860 4.976489 
26433.781860 
(19,15) 19517.095183 26.215642 
19517.095183 
(19,17) 11460.954104 154.937096 
11460.954104 
(19,20) 16685.877634 78.261160 
16685.877634 
(20,18) 25647.737609 4.865419 
25647.737609 
(20,19) 17427.249969 92.365136 
17427.249969 
(20,21) 0.000000 9999.000000 
0.000000 
(20,22) 10206.531891 201.205516 
10206.531891 
(21,20) 0.000000 9999.000000 
0.000000 
(21,22) 16146.340356 29.254661 
16146.340356 
(21,24) 8745.474003 76.940177 
8745.474003 
(22,15) 35157.117565 83.970890 
35157.117565 
(22,20) 10061.859976 190.315396 
10061.859976 
(22,21) 16145.474003 29.248812 
16145.474003 
(22,23) 17270.668072 89.409815 
17270.668072 
(23,14) 6281.022460 212.565484 
6281.022460 
(23,22) 17272.637184 89.448774 
17272.637184 
(23,24) 13454.525997 16.779174 
13454.525997 
(24,13) 14500.000000 851.063323 
14500.000000 
(24,21) 8746.340356 76.969480 
8746.340356 
(24,23) 13453.659644 16.775367 
13453.659644 
