(1,2) 4000.000000 6.008192 
4000.000000 
(1,3) 12600.000000 4.806552 
12600.000000 
(2,1) 4000.000000 6.008192 
4000.000000 
(2,6) 0.000000 9999.000000 
0.000000 
(3,1) 12600.000000 4.806552 
12600.000000 
(3,4) 29825.536812 9.539252 
29825.536812 
(3,12) 23843.086074 4.646368 
23843.086074 
(4,3) 29843.086074 9.552301 
29843.086074 
(4,5) 30715.800945 44.725644 
30715.800945 
(4,11) 0.000000 9999.000000 
0.000000 
(5,4) 30833.350207 45.383451 
30833.350207 
(5,6) 14996.177737 54.623993 
14996.177737 
(5,9) 20664.660308 223.823686 
20664.660308 
(6,2) 0.000000 9999.000000 
0.000000 
(6,5) 15047.102978 55.315156 
15047.102978 
(6,8) 13751.140637 300.066111 
13751.140637 
(7,8) 17799.630326 14.945130 
17799.630326 
(7,18) 19358.459379 4.247000 
19358.459379 
(8,6) 13802.065879 304.506067 
13802.065879 
(8,7) 17739.370779 14.784192 
17739.370779 
(8,9) 7605.458004 133.447067 
7605.458004 
(8,16) 5579.243771 22.937202 
5579.243771 
(9,5) 20731.284328 226.659362 
20731.284328 
(9,8) 7581.848328 131.921320 
7581.848328 
(9,10) 22314.009647 50.600520 
22314.009647 
(10,9) 22457.023991 51.832622 
22457.023991 
(10,11) 6948.648094 291.968264 
6948.648094 
(10,15) 30741.182409 30.112711 
30741.182409 
(10,16) 0.000000 9999.000000 
0.000000 
(10,17) 7310.469269 96.197914 
7310.469269 
(11,4) 0.000000 9999.000000 
0.000000 
(11,10) 6918.553430 287.029018 
6918.553430 
(11,12) 12679.113835 46.057819 
12679.113835 
(11,14) 13065.579661 34.919333 
13065.579661 
(12,3) 23825.536812 4.644467 
23825.536812 
(12,11) 12698.507506 46.303468 
12698.507506 
(12,13) 16449.779696 4.171549 
16449.779696 
(13,12) 16551.624105 4.200833 
16551.624105 
(13,24) 10049.779696 149.746323 
10049.779696 
(14,11) 13116.091326 35.400250 
13116.091326 
(14,15) 11241.735244 282.257391 
11241.735244 
(14,23) 16615.779683 81.746898 
16615.779683 
(15,10) 30807.535680 30.321570 
30807.535680 
(15,14) 11288.199625 286.869734 
11288.199625 
(15,19) 21132.631386 34.910550 
21132.631386 
(15,22) 7200.000000 182.202013 
7200.000000 
(16,8) 5593.519143 23.121488 
5593.519143 
(16,10) 0.000000 9999.000000 
0.000000 
(16,17) 11182.465758 102.326269 
11182.465758 
(16,18) 23412.380487 3.901371 
23412.380487 
(17,10) 7317.225006 96.524388 
7317.225006 
(17,16) 11174.464309 102.039429 
11174.464309 
(17,19) 7576.875365 31.213953 
7576.875365 
(18,7) 19418.718926 4.275109 
19418.718926 
(18,16) 23434.657307 3.904806 
23434.657307 
(18,20) 29188.639880 27.227657 
29188.639880 
(19,15) 21145.449038 34.988040 
21145.449038 
(19,17) 7575.629653 31.194745 
7575.629653 
(19,20) 17881.950247 101.954646 
17881.950247 
(20,18) 29171.176247 27.172119 
29171.176247 
(20,19) 17893.522187 102.208449 
17893.522187 
(20,21) 14850.519357 72.778569 
14850.519357 
(20,22) 8079.282716 82.035277 
8079.282716 
(21,20) 14779.234834 71.505586 
14779.234834 
(21,22) 11598.417969 9.256704 
11598.417969 
(21,24) 11443.144490 219.734776 
11443.144490 
(22,15) 7200.000000 182.202013 
7200.000000 
(22,20) 8044.675546 80.723828 
8044.675546 
(22,21) 11583.018737 9.218241 
11583.018737 
(22,23) 10886.657583 219.759272 
10886.657583 
(23,14) 16619.826967 81.822677 
16619.826967 
(23,22) 10836.651181 215.822258 
10836.651181 
(23,24) 11238.104336 9.193641 
11238.104336 
(24,13) 10051.624105 149.853346 
10051.624105 
(24,21) 11387.259200 215.531790 
11387.259200 
(24,23) 11192.145217 9.076685 
11192.145217 
