(1,2) 7363.392948 6.094072 
7363.392948 
(1,3) 10899.494684 4.451622 
10899.494684 
(2,1) 7393.805248 6.095636 
7393.805248 
(2,6) 6763.392948 46.548012 
6763.392948 
(3,1) 10869.082384 4.446603 
10869.082384 
(3,4) 17584.334199 4.669271 
17584.334199 
(3,12) 16972.255520 4.165954 
16972.255520 
(4,3) 17578.450273 4.668375 
17578.450273 
(4,5) 23979.223498 17.870174 
23979.223498 
(4,11) 5278.432049 25.251804 
5278.432049 
(5,4) 24078.204788 18.133837 
24078.204788 
(5,6) 5473.335759 34.549245 
5473.335759 
(5,9) 21400.059893 256.675651 
21400.059893 
(6,2) 6793.805248 47.300367 
6793.805248 
(6,5) 5495.501807 35.047136 
5495.501807 
(6,8) 13442.556553 274.198166 
13442.556553 
(7,8) 17966.397915 15.399124 
17966.397915 
(7,18) 20708.665508 4.942581 
20708.665508 
(8,6) 13495.134900 278.481850 
13495.134900 
(8,7) 17898.474838 15.212682 
17898.474838 
(8,9) 5850.245843 53.219103 
5850.245843 
(8,16) 5657.000830 23.958253 
5657.000830 
(9,5) 21476.875136 260.308700 
21476.875136 
(9,8) 5812.919115 52.126600 
5812.919115 
(9,10) 21184.297789 41.668517 
21184.297789 
(10,9) 21323.786303 42.697076 
21323.786303 
(10,11) 5868.000683 328.909970 
5868.000683 
(10,15) 23293.014028 13.948158 
23293.014028 
(10,16) 12960.005840 34.468042 
12960.005840 
(10,17) 6629.367511 67.643851 
6629.367511 
(11,4) 5273.566833 25.180923 
5273.566833 
(11,10) 5842.189987 323.248524 
5842.189987 
(11,12) 9054.107755 16.416320 
9054.107755 
(11,14) 14627.774792 52.576749 
14627.774792 
(12,3) 16947.727147 4.164997 
16947.727147 
(12,11) 9081.342059 16.542214 
9081.342059 
(12,13) 12693.636349 3.415398 
12693.636349 
(13,12) 12796.342279 3.429006 
12796.342279 
(13,24) 8090.261764 65.209909 
8090.261764 
(14,11) 14669.864576 53.138263 
14669.864576 
(14,15) 11110.679764 269.552727 
11110.679764 
(14,23) 9417.095028 12.021729 
9417.095028 
(15,10) 23315.590039 13.979017 
23315.590039 
(15,14) 11151.970911 273.507383 
11151.970911 
(15,19) 17316.227464 17.385770 
17316.227464 
(15,22) 18837.394570 9.673585 
18837.394570 
(16,8) 5678.982828 24.254647 
5678.982828 
(16,10) 12987.914774 34.731338 
12987.914774 
(16,17) 8818.215106 40.796014 
8818.215106 
(16,18) 23233.551446 3.874145 
23233.551446 
(17,10) 6644.181776 68.178771 
6644.181776 
(17,16) 8808.736661 40.629480 
8808.736661 
(17,19) 7947.081564 37.355780 
7947.081564 
(18,7) 20776.588585 4.981377 
20776.588585 
(18,16) 23292.920824 3.883115 
23292.920824 
(18,20) 20778.285327 9.964703 
20778.285327 
(19,15) 17320.628591 17.400401 
17320.628591 
(19,17) 7952.417383 37.450830 
7952.417383 
(19,20) 10827.794294 17.168172 
10827.794294 
(20,18) 20805.577782 9.996103 
20805.577782 
(20,19) 10837.531239 17.215602 
10837.531239 
(20,21) 13302.708690 48.996278 
13302.708690 
(20,22) 5766.556534 24.992387 
5766.556534 
(21,20) 13247.833519 48.291198 
13247.833519 
(21,22) 2716.543768 73.309686 
2716.543768 
(21,24) 11624.621660 233.814125 
11624.621660 
(22,15) 18796.860601 9.616330 
18796.860601 
(22,20) 5758.461106 24.880357 
5758.461106 
(22,21) 2721.912970 73.875129 
2721.912970 
(22,23) 11483.396711 271.099263 
11483.396711 
(23,14) 9417.893666 12.024451 
9417.893666 
(23,22) 11440.136516 267.097089 
11440.136516 
(23,24) 12474.921717 12.922646 
12474.921717 
(24,13) 8092.967695 65.291841 
8092.967695 
(24,21) 11564.377287 229.066433 
11564.377287 
(24,23) 12432.460160 12.774692 
12432.460160 
