(1,2) 7405.589759 6.096247 
7405.589759 
(1,3) 8918.848332 4.202481 
8918.848332 
(2,1) 6651.245598 6.062627 
6651.245598 
(2,6) 6055.682425 31.702021 
6055.682425 
(3,1) 9673.192493 4.280175 
9673.192493 
(3,4) 27552.138978 8.033846 
27552.138978 
(3,12) 16454.213242 10365.467156 
16454.213242 
(4,3) 23352.874978 6.081898 
23352.874978 
(4,5) 25174.221065 21.278152 
25174.221065 
(4,11) 11274.589997 406.732634 
11274.589997 
(5,4) 22289.361260 13.847637 
22289.361260 
(5,6) 9673.787553 12.766379 
9673.787553 
(5,9) 22253.218129 299.274443 
22253.218129 
(6,2) 5301.338264 20.683169 
5301.338264 
(6,5) 9156.433884 11.036222 
9156.433884 
(6,8) 14580.013278 378.694591 
14580.013278 
(7,8) 22875.893689 35.588115 
22875.893689 
(7,18) 22792.103572 6.317751 
22792.103572 
(8,6) 13308.315448 263.486969 
13308.315448 
(8,7) 24119.628804 43.274434 
24119.628804 
(8,9) 6635.933440 81.546332 
6635.933440 
(8,16) 8867.418009 119.456923 
8867.418009 
(9,5) 19885.711992 192.648815 
19885.711992 
(9,8) 6864.738212 91.936084 
6864.738212 
(9,10) 26773.709825 101.658711 
26773.709825 
(10,9) 24735.008461 74.870304 
24735.008461 
(10,11) 21731.140200 21.725970 
21731.140200 
(10,15) 38293.602177 64.058879 
38293.602177 
(10,16) 16605.458651 86.115900 
16605.458651 
(10,17) 7566.485220 109.217136 
7566.485220 
(11,4) 10060.185802 260.024549 
10060.185802 
(11,10) 19280.394047 15.363940 
19280.394047 
(11,12) 6303.913868 10631.174034 
6303.913868 
(11,14) 6024.560534 156.487346 
6024.560534 
(12,3) 21407.821404 85.097802 
21407.821404 
(12,11) 2927.036667 499.864286 
2927.036667 
(12,13) 12558.127110 3.397942 
12558.127110 
(13,12) 14234.858071 3.656950 
14234.858071 
(13,24) 1565.141929 666.118952 
1565.141929 
(14,11) 5836.287386 138.300922 
5836.287386 
(14,15) 7661.686612 64.820117 
7661.686612 
(14,23) 9246.264668 11.455306 
9246.264668 
(15,10) 38400.078007 64.707311 
38400.078007 
(15,14) 8029.738579 77.169774 
8029.738579 
(15,19) 18274.233882 20.843362 
18274.233882 
(15,22) 24689.629716 22.694011 
24689.629716 
(16,8) 8610.650522 106.764709 
8610.650522 
(16,10) 16776.983393 89.561670 
16776.983393 
(16,17) 7572.876660 23.101236 
7572.876660 
(16,18) 0.000000 9999.000000 
0.000000 
(17,10) 7600.529437 111.051110 
7600.529437 
(17,16) 7487.633915 22.167068 
7487.633915 
(17,19) 10911.836648 127.666978 
10911.836648 
(18,7) 21548.368458 5.449670 
21548.368458 
(18,16) 0.000000 9999.000000 
0.000000 
(18,20) 23992.103572 14.602866 
23992.103572 
(19,15) 18721.314672 22.654652 
18721.314672 
(19,17) 10860.638120 125.324999 
10860.638120 
(19,20) 12634.837094 28.414290 
12634.837094 
(20,18) 22648.368458 12.419720 
22648.368458 
(20,19) 13030.719355 31.620979 
13030.719355 
(20,21) 10973.329383 25.907843 
10973.329383 
(20,22) 6201.861553 31.747715 
6201.861553 
(21,20) 10240.723052 21.100559 
10240.723052 
(21,22) 9860.645535 5.791105 
9860.645535 
(21,24) 8422.348636 66.603342 
8422.348636 
(22,15) 24617.076722 22.463538 
24617.076722 
(22,20) 5886.615030 26.710057 
5886.615030 
(22,21) 9740.373553 5.609498 
9740.373553 
(22,23) 7958.210322 65.610235 
7958.210322 
(23,14) 8689.939555 9.816573 
8689.939555 
(23,22) 7450.138824 51.320429 
7450.138824 
(23,24) 9806.249869 6.170502 
9806.249869 
(24,13) 3141.872890 10755.660894 
3141.872890 
(24,21) 7810.014287 50.027770 
7810.014287 
(24,23) 8741.853257 4.633847 
8741.853257 
