(1,2) 8800.000000 6.011994 
8800.000000 
(1,3) 0.000000 9999.000000 
0.000000 
(2,1) 8800.000000 6.011994 
8800.000000 
(2,6) 12600.000000 505.465270 
12600.000000 
(3,1) 0.000000 9999.000000 
0.000000 
(3,4) 10647.638343 4.089973 
10647.638343 
(3,12) 8786.091527 4.011918 
8786.091527 
(4,3) 10578.775480 4.087668 
10578.775480 
(4,5) 11614.567843 250.201817 
11614.567843 
(4,11) 5953.049747 37.146534 
5953.049747 
(5,4) 11752.006183 262.160154 
11752.006183 
(5,6) 19369.855649 144.909286 
19369.855649 
(5,9) 12872.717666 37.950516 
12872.717666 
(6,2) 12600.000000 505.465270 
12600.000000 
(6,5) 20394.986113 177.191962 
20394.986113 
(6,8) 12969.855649 237.883887 
12969.855649 
(7,8) 13477.188989 6.925945 
13477.188989 
(7,18) 14875.398497 2.783420 
14875.398497 
(8,6) 13994.986113 321.777272 
13994.986113 
(8,7) 12056.116831 5.514066 
12056.116831 
(8,9) 10615.750349 478.578192 
10615.750349 
(8,16) 4337.596448 11.553147 
4337.596448 
(9,5) 11985.025542 29.759228 
11985.025542 
(9,8) 9942.509822 370.548257 
9942.509822 
(9,10) 26158.730279 92.901693 
26158.730279 
(10,9) 24697.797628 74.438798 
24697.797628 
(10,11) 38254.087224 165.610021 
38254.087224 
(10,15) 25141.396237 1402.415398 
25141.396237 
(10,16) 25083.795423 431.559692 
25083.795423 
(10,17) 7638.919946 4886.621968 
7638.919946 
(11,4) 5846.748545 34.980732 
5846.748545 
(11,10) 38903.837238 176.803110 
38903.837238 
(11,12) 12545.212793 44.392273 
12545.212793 
(11,14) 31916.024027 1104.906707 
31916.024027 
(12,3) 8854.954390 4.012296 
8854.954390 
(12,11) 12614.307557 45.245093 
12614.307557 
(12,13) 14753.996052 3.758156 
14753.996052 
(13,12) 14991.953679 3.808263 
14991.953679 
(13,24) 8190.069381 1251.571396 
8190.069381 
(14,11) 32490.378073 1186.318388 
32490.378073 
(14,15) 9246.488736 131.898679 
9246.488736 
(14,23) 18969.535291 136.076922 
18969.535291 
(15,10) 25616.675759 1511.040348 
25616.675759 
(15,14) 9547.550455 149.250580 
9547.550455 
(15,19) 21233.749284 35.525705 
21233.749284 
(15,22) 12671.565205 41.463714 
12671.565205 
(16,8) 4614.895282 13.396547 
4614.895282 
(16,10) 26929.720476 572.003665 
26929.720476 
(16,17) 11196.160894 4455.344805 
11196.160894 
(16,18) 18377.128407 3.342162 
18377.128407 
(17,10) 3107.032706 13595.890131 
3107.032706 
(17,16) 14640.456938 13022.519879 
14640.456938 
(17,19) 5652.510356 14956.318760 
5652.510356 
(18,7) 16296.470654 3.128481 
16296.470654 
(18,16) 17056.056249 3.253884 
17056.056249 
(18,20) 0.000000 9999.000000 
0.000000 
(19,15) 22217.599124 41.985983 
22217.599124 
(19,17) 4564.919160 6363.119161 
4564.919160 
(19,20) 13068.830124 31.945531 
13068.830124 
(20,18) 0.000000 9999.000000 
0.000000 
(20,19) 12965.088768 31.068706 
12965.088768 
(20,21) 3519.621011 74.247456 
3519.621011 
(20,22) 2015.290221 88.965913 
2015.290221 
(21,20) 3378.314858 63.929976 
3378.314858 
(21,22) 5567.347874 14.704211 
5567.347874 
(21,24) 7372.290796 40.338503 
7372.290796 
(22,15) 12364.056606 37.863750 
12364.056606 
(22,20) 1952.855018 79.034241 
1952.855018 
(22,21) 5595.152127 14.959907 
5595.152127 
(22,23) 13998.563830 40.864229 
13998.563830 
(23,14) 19242.827618 143.854270 
19242.827618 
(23,22) 13656.424281 37.390217 
13656.424281 
(23,24) 13145.108631 15.465834 
13145.108631 
(24,13) 8328.027008 1337.778110 
8328.027008 
(24,21) 7203.180390 37.028612 
7203.180390 
(24,23) 13076.261410 15.185935 
13076.261410 
