(1,2) 4134.334227 6.715601 
4134.334227 
(1,3) 9065.665773 4.216147 
9065.665773 
(2,1) 3994.964156 6.623879 
3994.964156 
(2,6) 3534.334227 8.098291 
3534.334227 
(3,1) 9205.035844 4.229748 
9205.035844 
(3,4) 17249.973981 4.619800 
17249.973981 
(3,12) 23745.465488 4.635847 
23745.465488 
(4,3) 16983.601958 4.582394 
16983.601958 
(4,5) 12584.989034 3.204072 
12584.989034 
(4,11) 0.000000 9999.000000 
0.000000 
(5,4) 12418.617012 3.141653 
12418.617012 
(5,6) 8862.942357 10.176547 
8862.942357 
(5,9) 10022.765025 17.109646 
10022.765025 
(6,2) 3394.964156 7.637743 
3394.964156 
(6,5) 8585.122101 9.437759 
8585.122101 
(6,8) 8667.198984 1353.835473 
8667.198984 
(7,8) 13556.817281 7.019555 
13556.817281 
(7,18) 19371.620591 4.253117 
19371.620591 
(8,6) 8250.008657 1111.753150 
8250.008657 
(8,7) 13965.006976 7.525969 
13965.006976 
(8,9) 2873.234645 1121.031714 
2873.234645 
(8,16) 4876.055054 15.464723 
4876.055054 
(9,5) 10134.213258 17.657310 
10134.213258 
(9,8) 3009.292543 1346.902434 
3009.292543 
(9,10) 10013.472482 527.248718 
10013.472482 
(10,9) 10360.978613 603.899236 
10360.978613 
(10,11) 22968.819584 25.874495 
22968.819584 
(10,15) 20914.178602 576.967494 
20914.178602 
(10,16) 0.000000 9999.000000 
0.000000 
(10,17) 12633.686411 794.679191 
12633.686411 
(11,4) 0.000000 9999.000000 
0.000000 
(11,10) 19434.392531 15.699048 
19434.392531 
(11,12) 24700.619346 582.983070 
24700.619346 
(11,14) 21993.469536 252.250635 
21993.469536 
(12,3) 24151.207581 4.680433 
24151.207581 
(12,11) 24027.862067 522.644986 
24027.862067 
(12,13) 18324.047333 4.803872 
18324.047333 
(13,12) 18157.032148 4.738999 
18157.032148 
(13,24) 15282.173924 783.313130 
15282.173924 
(14,11) 19231.799762 149.142667 
19231.799762 
(14,15) 11781.821191 339.502548 
11781.821191 
(14,23) 11510.754288 21.906690 
11510.754288 
(15,10) 18629.204177 365.439122 
18629.204177 
(15,14) 10812.177160 242.247876 
10812.177160 
(15,19) 15171.248510 230.521879 
15171.248510 
(15,22) 23637.390863 19.545276 
23637.390863 
(16,8) 4730.996525 14.273931 
4730.996525 
(16,10) 7489.162079 531.406819 
7489.162079 
(16,17) 8501.599614 35.517139 
8501.599614 
(16,18) 15762.889429 3.185210 
15762.889429 
(17,10) 11211.431941 495.889679 
11211.431941 
(17,16) 9743.921862 59.836170 
9743.921862 
(17,19) 8689.764550 52.543089 
8689.764550 
(18,7) 18963.430896 4.069129 
18963.430896 
(18,16) 21864.670731 3.685635 
21864.670731 
(18,20) 21856.320528 11.302275 
21856.320528 
(19,15) 13496.825388 145.516253 
13496.825388 
(19,17) 8509.832327 48.485099 
8509.832327 
(19,20) 11670.899679 21.773905 
11670.899679 
(20,18) 27449.912134 22.168280 
27449.912134 
(20,19) 9816.544335 12.896108 
9816.544335 
(20,21) 17531.668124 135.707026 
17531.668124 
(20,22) 9347.669166 143.042164 
9347.669166 
(21,20) 19922.244628 222.283611 
19922.244628 
(21,22) 10739.893617 7.335121 
10739.893617 
(21,24) 11749.004653 243.852621 
11749.004653 
(22,15) 21957.195529 15.319224 
21957.195529 
(22,20) 10596.328924 232.939793 
10596.328924 
(22,21) 12121.196838 10.656182 
12121.196838 
(22,23) 11185.776687 244.467172 
11185.776687 
(23,14) 9718.728545 13.099928 
9718.728545 
(23,22) 12135.544332 337.141134 
12135.544332 
(23,24) 11552.344569 10.032617 
11552.344569 
(24,13) 15015.158738 730.258374 
15015.158738 
(24,21) 12758.277936 337.900125 
12758.277936 
(24,23) 10710.086471 7.934012 
10710.086471 
