(1,2) 5681.836194 6.002084 
5681.836194 
(1,3) 6936.836343 4.074096 
6936.836343 
(2,1) 5727.670611 6.002152 
5727.670611 
(2,6) 6226.424031 6.865205 
6226.424031 
(3,1) 6891.001926 4.072157 
6891.001926 
(3,4) 13475.670132 4.230834 
13475.670132 
(3,12) 16827.624360 4.160369 
16827.624360 
(4,3) 13374.373895 4.223971 
13374.373895 
(4,5) 20891.434854 2.571471 
20891.434854 
(4,11) 11433.185182 32.485041 
11433.185182 
(5,4) 20871.820329 2.569328 
20871.820329 
(5,6) 8841.963063 10.118273 
8841.963063 
(5,9) 12506.506047 6.834870 
12506.506047 
(6,2) 6272.258449 6.920735 
6272.258449 
(6,5) 8862.718252 10.175923 
8862.718252 
(6,8) 15074.849353 28.906032 
15074.849353 
(7,8) 22765.217528 34.962017 
22765.217528 
(7,18) 25765.129908 2.440686 
25765.129908 
(8,6) 15141.438959 29.384595 
15141.438959 
(8,7) 22665.129908 34.403627 
22665.129908 
(8,9) 9966.136333 32.749225 
9966.136333 
(8,16) 6616.225492 40.472724 
6616.225492 
(9,5) 12466.136333 6.811293 
12466.136333 
(9,8) 9906.506047 32.209631 
9906.506047 
(9,10) 0.000000 9999.000000 
0.000000 
(10,9) 0.000000 9999.000000 
0.000000 
(10,11) 28206.737188 52.475842 
28206.737188 
(10,15) 23194.635648 13.814730 
23194.635648 
(10,16) 12140.918265 27.465505 
12140.918265 
(10,17) 6989.490058 12.606163 
6989.490058 
(11,4) 11451.503469 32.655187 
11451.503469 
(11,10) 28073.993875 51.588429 
28073.993875 
(11,12) 11455.233719 32.689935 
11455.233719 
(11,14) 0.000000 9999.000000 
0.000000 
(12,3) 16883.086180 4.162494 
16883.086180 
(12,11) 11440.808693 32.555751 
11440.808693 
(12,13) 18686.815667 3.121939 
18686.815667 
(13,12) 18827.852461 3.125662 
18827.852461 
(13,24) 15944.650726 61.718030 
15944.650726 
(14,11) 0.000000 9999.000000 
0.000000 
(14,15) 9801.097145 15.012177 
9801.097145 
(14,23) 8124.476199 8.444078 
8124.476199 
(15,10) 23240.683684 13.876973 
23240.683684 
(15,14) 9824.476199 15.108049 
9824.476199 
(15,19) 20112.598263 4.636337 
20112.598263 
(15,22) 18933.345058 9.810598 
18933.345058 
(16,8) 6642.357764 41.036483 
6642.357764 
(16,10) 12134.852811 27.418647 
12134.852811 
(16,17) 13374.685759 14.831538 
13374.685759 
(16,18) 21380.485528 3.626890 
21380.485528 
(17,10) 6982.250790 12.587109 
6982.250790 
(17,16) 13381.925027 14.859342 
13381.925027 
(17,19) 10300.000000 8.235319 
10300.000000 
(18,7) 25865.217528 2.447574 
25865.217528 
(18,16) 21393.313077 3.628396 
21393.313077 
(18,20) 21918.548685 4.461612 
21918.548685 
(19,15) 20089.339208 4.628781 
20089.339208 
(19,17) 10300.000000 8.235319 
10300.000000 
(19,20) 10812.598263 17.094405 
10812.598263 
(20,18) 21931.463855 4.462701 
21931.463855 
(20,19) 10789.339208 16.982098 
10789.339208 
(20,21) 7541.993920 10.442375 
7541.993920 
(20,22) 5398.318760 20.354389 
5398.318760 
(21,20) 7453.506098 10.237532 
7453.506098 
(21,22) 11852.380347 9.913465 
11852.380347 
(21,24) 10822.534749 13.837848 
10822.534749 
(22,15) 18926.031203 9.800081 
18926.031203 
(22,20) 5376.462698 20.107235 
5376.462698 
(22,21) 11844.751761 9.893111 
11844.751761 
(22,23) 10038.676572 13.749382 
10038.676572 
(23,14) 8101.097145 8.393145 
8101.097145 
(23,22) 10001.878068 13.607214 
10001.878068 
(23,24) 11536.606798 9.988935 
11536.606798 
(24,13) 15985.687520 62.314524 
15985.687520 
(24,21) 10741.675513 13.517565 
10741.675513 
(24,23) 11476.429240 9.823547 
11476.429240 
