(1,2) 7332.204300 6.092489 
7332.204300 
(1,3) 9968.668963 4.316008 
9968.668963 
(2,1) 7368.668963 6.094342 
7368.668963 
(2,6) 8481.138921 107.732646 
8481.138921 
(3,1) 9932.204300 4.311410 
9932.204300 
(3,4) 10568.668963 4.087333 
10568.668963 
(3,12) 0.000000 9999.000000 
0.000000 
(4,3) 10532.204300 4.086134 
10532.204300 
(4,5) 7845.021911 107.769253 
7845.021911 
(4,11) 8473.839168 133.871143 
8473.839168 
(5,4) 7877.312288 109.521433 
7877.312288 
(5,6) 4616.078601 14.497946 
4616.078601 
(5,9) 13543.409753 45.373214 
13543.409753 
(6,2) 8517.603583 109.510869 
8517.603583 
(6,5) 4614.592520 14.484434 
4614.592520 
(6,8) 11482.751078 146.924399 
11482.751078 
(7,8) 15901.114221 10.607767 
15901.114221 
(7,18) 21153.540978 5.203703 
21153.540978 
(8,6) 11517.729659 148.698350 
11517.729659 
(8,7) 15853.540978 10.517130 
15853.540978 
(8,9) 7345.325014 117.404717 
7345.325014 
(8,16) 5246.721861 19.028315 
5246.721861 
(9,5) 13577.186212 45.777476 
13577.186212 
(9,8) 7321.842981 116.037854 
7321.842981 
(9,10) 23025.897993 56.971878 
23025.897993 
(10,9) 23136.192419 58.013437 
23136.192419 
(10,11) 31360.735285 77.544787 
31360.735285 
(10,15) 39679.903192 72.933908 
39679.903192 
(10,16) 5661.471230 167.135504 
5661.471230 
(10,17) 7802.094785 122.425332 
7802.094785 
(11,4) 8505.084128 135.767559 
8505.084128 
(11,10) 31221.902434 76.268680 
31221.902434 
(11,12) 18090.047650 171.993293 
18090.047650 
(11,14) 0.000000 9999.000000 
0.000000 
(12,3) 0.000000 9999.000000 
0.000000 
(12,11) 18082.459760 171.714964 
18082.459760 
(12,13) 14260.651260 3.661725 
14260.651260 
(13,12) 14353.063370 3.679045 
14353.063370 
(13,24) 10551.936734 181.133277 
10551.936734 
(14,11) 0.000000 9999.000000 
0.000000 
(14,15) 10562.173501 221.054298 
10562.173501 
(14,23) 3537.826499 81.759945 
3537.826499 
(15,10) 39800.947427 73.754385 
39800.947427 
(15,14) 10580.431160 222.552052 
10580.431160 
(15,19) 20789.203200 32.886245 
20789.203200 
(15,22) 27901.274772 35.119742 
27901.274772 
(16,8) 5257.609232 19.145117 
5257.609232 
(16,10) 5673.498430 168.526184 
5673.498430 
(16,17) 9053.292586 45.101321 
9053.292586 
(16,18) 17852.480009 3.304730 
17852.480009 
(17,10) 7818.150626 123.370141 
7818.150626 
(17,16) 9032.682418 44.710172 
9032.682418 
(17,19) 7298.261703 27.148233 
7298.261703 
(18,7) 21201.114221 5.232621 
21201.114221 
(18,16) 17896.004749 3.307713 
17896.004749 
(18,20) 25981.502745 18.581663 
25981.502745 
(19,15) 20832.158666 33.134021 
20832.158666 
(19,17) 7293.707375 27.085519 
7293.707375 
(19,20) 13873.531801 39.490625 
13873.531801 
(20,18) 25972.600727 18.561688 
25972.600727 
(20,19) 13911.932940 39.885203 
13911.932940 
(20,21) 11878.953774 33.339043 
11878.953774 
(20,22) 6534.183830 37.958225 
6534.183830 
(21,20) 11830.963437 32.899920 
11830.963437 
(21,22) 8988.509662 4.617551 
8988.509662 
(21,24) 10829.333501 176.841711 
10829.333501 
(22,15) 27897.621199 35.102922 
27897.621199 
(22,20) 6511.673289 37.506397 
6511.673289 
(22,21) 8978.986539 4.606476 
8978.986539 
(22,23) 10300.187689 176.890754 
10300.187689 
(23,14) 3519.568840 80.167145 
3519.568840 
(23,22) 10264.500453 174.507108 
10264.500453 
(23,24) 8678.454630 4.558269 
8678.454630 
(24,13) 10544.348844 180.624320 
10544.348844 
(24,21) 10790.866286 174.384806 
10790.866286 
(24,23) 8624.509735 4.495251 
8624.509735 
