(1,2) 6183.690491 6.002924 
6183.690491 
(1,3) 10400.218380 4.374386 
10400.218380 
(2,1) 6200.218380 6.002956 
6200.218380 
(2,6) 5383.690491 21.680617 
5383.690491 
(3,1) 10383.690491 4.372012 
10383.690491 
(3,4) 14041.129237 4.272086 
14041.129237 
(3,12) 12318.564052 4.046054 
12318.564052 
(4,3) 14011.252228 4.269778 
14011.252228 
(4,5) 22064.525156 13.376786 
22064.525156 
(4,11) 6223.047614 43.193254 
6223.047614 
(5,4) 22124.156776 13.500273 
22124.156776 
(5,6) 10097.632069 14.406681 
10097.632069 
(5,9) 18468.138028 144.596231 
18468.138028 
(6,2) 5400.218380 21.886399 
5400.218380 
(6,5) 10120.401605 14.500865 
10120.401605 
(6,8) 13280.077619 261.274711 
13280.077619 
(7,8) 13432.492423 6.874123 
13432.492423 
(7,18) 16280.274893 3.124002 
16280.274893 
(8,6) 13319.375043 264.357266 
13319.375043 
(8,7) 13370.102205 6.802646 
13370.102205 
(8,9) 7600.786277 133.144032 
7600.786277 
(8,16) 4598.318846 13.276556 
4598.318846 
(9,5) 18505.000113 145.714099 
18505.000113 
(9,8) 7568.825596 131.085818 
7568.825596 
(9,10) 21679.794596 45.415235 
21679.794596 
(10,9) 21784.696000 46.242147 
21784.696000 
(10,11) 15090.435772 170.884926 
15090.435772 
(10,15) 35656.589058 49.643839 
35656.589058 
(10,16) 19622.828345 164.129068 
19622.828345 
(10,17) 8027.322871 136.221312 
8027.322871 
(11,4) 6233.538984 43.444704 
6233.538984 
(11,10) 15011.703161 167.449984 
15011.703161 
(11,12) 11931.862556 37.416997 
11931.862556 
(11,14) 14391.963237 49.519297 
14391.963237 
(12,3) 12331.913172 4.046254 
12331.913172 
(12,11) 11916.075090 37.251051 
11916.075090 
(12,13) 13534.965624 79.106405 
13534.965624 
(13,12) 13632.527279 81.324582 
13632.527279 
(13,24) 9302.488961 110.996136 
9302.488961 
(14,11) 14439.509461 50.123807 
14439.509461 
(14,15) 9837.592230 167.594177 
9837.592230 
(14,23) 3400.000000 114.615606 
3400.000000 
(15,10) 35727.017690 49.989682 
35727.017690 
(15,14) 9885.138455 170.760385 
9885.138455 
(15,19) 19970.016126 4.590427 
19970.016126 
(15,22) 28478.536168 37.861536 
28478.536168 
(16,8) 4607.186733 13.340587 
4607.186733 
(16,10) 19656.957865 165.246012 
19656.957865 
(16,17) 9321.635874 50.443208 
9321.635874 
(16,18) 18442.665111 3.347069 
18442.665111 
(17,10) 8006.398733 134.889636 
8006.398733 
(17,16) 9327.023499 50.555300 
9327.023499 
(17,19) 11716.482082 169.039306 
11716.482082 
(18,7) 16342.665111 3.141331 
16342.665111 
(18,16) 18480.274893 3.349909 
18480.274893 
(18,20) 0.000000 9999.000000 
0.000000 
(19,15) 19973.694363 4.591599 
19973.694363 
(19,17) 11700.945570 168.155065 
11700.945570 
(19,20) 13886.498208 39.623491 
13886.498208 
(20,18) 0.000000 9999.000000 
0.000000 
(20,19) 13874.639933 39.501965 
13874.639933 
(20,21) 5361.944806 7.134906 
5361.944806 
(20,22) 2830.938599 6.161235 
2830.938599 
(21,20) 5140.150986 6.958460 
5140.150986 
(21,22) 10438.588269 6.761145 
10438.588269 
(21,24) 9339.324417 99.163203 
9339.324417 
(22,15) 28492.832789 37.931593 
28492.832789 
(22,20) 2940.874143 6.352397 
2940.874143 
(22,21) 10267.236546 6.456138 
10267.236546 
(22,23) 8960.726200 103.029377 
8960.726200 
(23,14) 3400.000000 114.615606 
3400.000000 
(23,22) 8913.606642 100.962784 
8913.606642 
(23,24) 6720.613927 2.920052 
6720.613927 
(24,13) 9300.050616 110.883998 
9300.050616 
(24,21) 9288.882320 97.102447 
9288.882320 
(24,23) 6673.494369 2.894519 
6673.494369 
