(1,2) 8241.632422 6.147640 
8241.632422 
(1,3) 10063.432584 4.328197 
10063.432584 
(2,1) 8342.630018 6.155011 
8342.630018 
(2,6) 9841.632422 191.277468 
9841.632422 
(3,1) 9962.434988 4.315219 
9962.434988 
(3,4) 14581.304974 4.316434 
14581.304974 
(3,12) 14829.912438 4.096735 
14829.912438 
(4,3) 14860.331548 4.341360 
14860.331548 
(4,5) 10363.087441 2.553602 
10363.087441 
(4,11) 11765.252492 481.178397 
11765.252492 
(5,4) 10479.419810 2.578882 
10479.419810 
(5,6) 6711.787396 194.870290 
6711.787396 
(5,9) 5462.950942 1289.547514 
5462.950942 
(6,2) 9942.630018 199.042508 
9942.630018 
(6,5) 6778.779726 202.605675 
6778.779726 
(6,8) 18753.419819 1033.049722 
18753.419819 
(7,8) 20075.472510 22.329030 
20075.472510 
(7,18) 23390.157237 6.789085 
23390.157237 
(8,6) 18921.409744 1070.492967 
18921.409744 
(8,7) 19944.145527 21.828196 
19944.145527 
(8,9) 6538.026837 77.416481 
6538.026837 
(8,16) 893.202481 33.945663 
893.202481 
(9,5) 5512.290981 1336.586889 
5512.290981 
(9,8) 6570.069037 78.747834 
6570.069037 
(9,10) 17679.022752 21.755742 
17679.022752 
(10,9) 17860.404992 22.537385 
17860.404992 
(10,11) 14896.770620 835.302581 
14896.770620 
(10,15) 23001.025790 13.557055 
23001.025790 
(10,16) 15524.684265 66.735716 
15524.684265 
(10,17) 7241.571297 92.919716 
7241.571297 
(11,4) 12027.946696 525.060117 
12027.946696 
(11,10) 14884.877302 832.654159 
14884.877302 
(11,12) 2740.450044 533.941796 
2740.450044 
(11,14) 11067.605865 19.919526 
11067.605865 
(12,3) 14449.888269 4.087194 
14449.888269 
(12,11) 3387.230675 489.582026 
3387.230675 
(12,13) 13215.799215 11.773256 
13215.799215 
(13,12) 13582.555677 12.788430 
13582.555677 
(13,24) 13231.146073 441.886240 
13231.146073 
(14,11) 10771.626120 18.283692 
10771.626120 
(14,15) 14748.961681 826.477192 
14748.961681 
(14,23) 12843.123001 31.751262 
12843.123001 
(15,10) 23082.775846 13.665066 
23082.775846 
(15,14) 14767.807791 830.683956 
14767.807791 
(15,19) 10954.166527 5.303761 
10954.166527 
(15,22) 15058.278448 5.725067 
15058.278448 
(16,8) 897.823223 34.549297 
897.823223 
(16,10) 15535.185354 66.905630 
15535.185354 
(16,17) 11400.000000 110.363684 
11400.000000 
(16,18) 29666.200442 5.323641 
29666.200442 
(17,10) 7242.595709 92.967778 
7242.595709 
(17,16) 11400.000000 110.363684 
11400.000000 
(17,19) 4757.404291 101.195461 
4757.404291 
(18,7) 23521.484220 6.897550 
23521.484220 
(18,16) 29681.322274 5.328382 
29681.322274 
(18,20) 23405.106169 13.602680 
23405.106169 
(19,15) 10962.628247 5.310887 
10962.628247 
(19,17) 4758.428703 101.280928 
4758.428703 
(19,20) 7950.779207 66.742092 
7950.779207 
(20,18) 23451.554984 13.679135 
23451.554984 
(20,19) 7960.265339 67.042060 
7960.265339 
(20,21) 17002.431294 120.739949 
17002.431294 
(20,22) 7638.177971 66.540004 
7638.177971 
(21,20) 16965.177013 119.737615 
16965.177013 
(21,22) 2706.855388 186.181156 
2706.855388 
(21,24) 15312.520581 697.918407 
15312.520581 
(22,15) 15050.412894 5.719378 
15050.412894 
(22,20) 7631.367199 66.320803 
7631.367199 
(22,21) 2710.089287 187.062904 
2710.089287 
(22,23) 5689.200284 856.725965 
5689.200284 
(23,14) 12528.297146 29.128603 
12528.297146 
(23,22) 5677.757856 849.886439 
5677.757856 
(23,24) 15632.323285 28.932127 
15632.323285 
(24,13) 13497.902535 478.281946 
13497.902535 
(24,21) 15272.032401 690.597709 
15272.032401 
(24,23) 15306.055002 26.753101 
15306.055002 
