(1,2) 4000.000000 6.000512 
4000.000000 
(1,3) 12600.000000 4.806552 
12600.000000 
(2,1) 4000.000000 6.000512 
4000.000000 
(2,6) 0.000000 9999.000000 
0.000000 
(3,1) 12600.000000 4.806552 
12600.000000 
(3,4) 10891.506336 4.098503 
10891.506336 
(3,12) 12508.916889 4.048968 
12508.916889 
(4,3) 10836.891022 4.096542 
10836.891022 
(4,5) 15691.047151 4.909705 
15691.047151 
(4,11) 3400.035960 183.718463 
3400.035960 
(5,4) 15731.071799 4.939507 
15731.071799 
(5,6) 7600.000000 7.339554 
7600.000000 
(5,9) 19991.047151 196.656441 
19991.047151 
(6,2) 0.000000 9999.000000 
0.000000 
(6,5) 7600.000000 7.339554 
7600.000000 
(6,8) 0.000000 9999.000000 
0.000000 
(7,8) 9049.174384 3.797963 
9049.174384 
(7,18) 19138.251743 4.146491 
19138.251743 
(8,6) 0.000000 9999.000000 
0.000000 
(8,7) 9038.251743 3.794117 
9038.251743 
(8,9) 3397.805224 222.871068 
3397.805224 
(8,16) 4263.943034 11.119260 
4263.943034 
(9,5) 20031.071799 198.195940 
20031.071799 
(9,8) 3385.207651 219.731651 
3385.207651 
(9,10) 25005.839500 78.070099 
25005.839500 
(10,9) 25133.266575 79.612032 
25133.266575 
(10,11) 33361.559357 97.906614 
33361.559357 
(10,15) 29526.534445 26.521716 
29526.534445 
(10,16) 18502.584702 130.576581 
18502.584702 
(10,17) 8873.049344 199.411875 
8873.049344 
(11,4) 3405.395997 184.841784 
3405.395997 
(11,10) 33196.328990 96.079682 
33196.328990 
(11,12) 18431.584841 184.888498 
18431.584841 
(11,14) 12624.578519 30.951500 
12624.578519 
(12,3) 12563.532204 4.049828 
12563.532204 
(12,11) 18398.524740 183.608482 
18398.524740 
(12,13) 16401.477977 4.157849 
16401.477977 
(13,12) 16523.033191 4.192557 
16523.033191 
(13,24) 10810.392149 199.135927 
10810.392149 
(14,11) 12597.768290 30.723285 
12597.768290 
(14,15) 1534.411008 153.324683 
1534.411008 
(14,23) 10367.820702 15.785556 
10367.820702 
(15,10) 29658.240842 26.890331 
29658.240842 
(15,14) 1540.379724 155.646061 
1540.379724 
(15,19) 19920.370532 28.194726 
19920.370532 
(15,22) 21541.304596 14.412056 
21541.304596 
(16,8) 4265.617965 11.128881 
4265.617965 
(16,10) 18558.872194 132.123879 
18558.872194 
(16,17) 3263.080510 221.475775 
3263.080510 
(16,18) 15561.720389 3.175935 
15561.720389 
(17,10) 8877.712896 199.814606 
8877.712896 
(17,16) 3260.157971 220.690547 
3260.157971 
(17,19) 11262.129133 144.597450 
11262.129133 
(18,7) 19149.174384 4.151395 
19149.174384 
(18,16) 15622.605352 3.178704 
15622.605352 
(18,20) 23280.242073 13.399396 
23280.242073 
(19,15) 19969.511131 28.444254 
19969.511131 
(19,17) 11263.870147 144.685647 
11263.870147 
(19,20) 15935.394689 65.775577 
15935.394689 
(20,18) 23252.049677 13.353948 
23252.049677 
(20,19) 15986.276302 66.568360 
15986.276302 
(20,21) 11354.964088 28.825148 
11354.964088 
(20,22) 8041.134468 80.590588 
8041.134468 
(21,20) 11301.600813 28.399091 
11301.600813 
(21,22) 6215.669149 51.939533 
6215.669149 
(21,24) 10737.162154 170.998391 
10737.162154 
(22,15) 21529.839110 14.387778 
21529.839110 
(22,20) 8017.186959 79.694130 
8017.186959 
(22,21) 6207.917987 51.690893 
6207.917987 
(22,23) 9429.826967 125.452403 
9429.826967 
(23,14) 10335.041758 15.637217 
10335.041758 
(23,22) 9386.662811 123.243876 
9386.662811 
(23,24) 9925.476383 6.377055 
9925.476383 
(24,13) 10831.947363 200.696941 
10831.947363 
(24,21) 10691.550040 168.161860 
10691.550040 
(24,23) 9849.533282 6.244623 
9849.533282 
