(1,2) 3859.819033 6.139441 
3859.819033 
(1,3) 10255.845102 4.354027 
10255.845102 
(2,1) 5684.277918 6.655880 
5684.277918 
(2,6) 5348.368225 21.247142 
5348.368225 
(3,1) 8431.386218 4.161713 
8431.386218 
(3,4) 16256.807864 4.488921 
16256.807864 
(3,12) 21717.650329 4.444919 
21717.650329 
(4,3) 21714.511244 5.556318 
21714.511244 
(4,5) 22956.807864 15.331752 
22956.807864 
(4,11) 8264.678700 121.705920 
8264.678700 
(5,4) 32179.189944 53.468518 
32179.189944 
(5,6) 9348.429615 11.645198 
9348.429615 
(5,9) 23894.939438 396.205528 
23894.939438 
(6,2) 7172.827110 57.559741 
7172.827110 
(6,5) 8613.942581 9.511147 
8613.942581 
(6,8) 9479.335284 1585.700134 
9479.335284 
(7,8) 0.000000 9999.000000 
0.000000 
(7,18) 12100.000000 2.342974 
12100.000000 
(8,6) 10569.307135 2449.639699 
10569.307135 
(8,7) 0.000000 9999.000000 
0.000000 
(8,9) 0.000000 9999.000000 
0.000000 
(8,16) 14610.236652 848.494672 
14610.236652 
(9,5) 33851.808551 1580.827773 
33851.808551 
(9,8) 0.000000 9999.000000 
0.000000 
(9,10) 28725.840805 133.735107 
28725.840805 
(10,9) 38782.709919 437.364012 
38782.709919 
(10,11) 0.000000 9999.000000 
0.000000 
(10,15) 34845.881031 1769.204358 
34845.881031 
(10,16) 6699.098642 1915.766075 
6699.098642 
(10,17) 13505.355537 1035.309676 
13505.355537 
(11,4) 4600.000000 17.104091 
4600.000000 
(11,10) 12824.494404 442.158683 
12824.494404 
(11,12) 6900.000000 9.513404 
6900.000000 
(11,14) 0.000000 9999.000000 
0.000000 
(12,3) 14435.488065 4.086847 
14435.488065 
(12,11) 16159.815704 111.700566 
16159.815704 
(12,13) 18649.148902 600.359676 
18649.148902 
(13,12) 20726.802342 914.442047 
20726.802342 
(13,24) 17970.329506 1494.032027 
17970.329506 
(14,11) 0.000000 9999.000000 
0.000000 
(14,15) 9997.463818 178.423955 
9997.463818 
(14,23) 7702.254638 216.199089 
7702.254638 
(15,10) 33080.687223 1438.171228 
33080.687223 
(15,14) 10602.254638 224.352528 
10602.254638 
(15,19) 17664.393302 18.578114 
17664.393302 
(15,22) 31000.413696 51.949226 
31000.413696 
(16,8) 15700.208502 1129.799258 
15700.208502 
(16,10) 6375.563564 1572.352137 
6375.563564 
(16,17) 2472.006317 755.720693 
2472.006317 
(16,18) 21893.200003 3.689221 
21893.200003 
(17,10) 12726.459132 818.042192 
12726.459132 
(17,16) 2568.607144 880.623628 
2568.607144 
(17,19) 17057.928996 752.472800 
17057.928996 
(18,7) 12100.000000 2.342974 
12100.000000 
(18,16) 22563.035949 3.777520 
22563.035949 
(18,20) 29754.689437 5.567659 
29754.689437 
(19,15) 17859.094329 19.276376 
17859.094329 
(19,17) 16375.633418 639.414852 
16375.633418 
(19,20) 18601.141694 118.689567 
18601.141694 
(20,18) 30324.525384 5.691243 
30324.525384 
(20,19) 18113.547144 107.128697 
18113.547144 
(20,21) 14568.268945 67.844679 
14568.268945 
(20,22) 8101.306895 82.878713 
8101.306895 
(21,20) 14492.871956 66.574294 
14492.871956 
(21,22) 13427.126138 15.033968 
13427.126138 
(21,24) 13220.558898 389.141372 
13220.558898 
(22,15) 29545.309679 43.385927 
29545.309679 
(22,20) 8158.945279 85.118813 
8158.945279 
(22,21) 14290.226684 18.722486 
14290.226684 
(22,23) 7625.169410 389.186577 
7625.169410 
(23,14) 7097.463818 156.997655 
7097.463818 
(23,22) 7090.804324 292.041564 
7090.804324 
(23,24) 13953.496370 19.096559 
13953.496370 
(24,13) 19947.982946 2266.389594 
19947.982946 
(24,21) 12282.061364 290.628638 
12282.061364 
(24,23) 12814.340465 14.160784 
12814.340465 
