(1,2) 4128.321336 6.000581 
4128.321336 
(1,3) 8769.794127 4.189281 
8769.794127 
(2,1) 4147.491411 6.000592 
4147.491411 
(2,6) 5928.321336 29.525547 
5928.321336 
(3,1) 8750.624052 4.187632 
8750.624052 
(3,4) 19334.115897 4.978127 
19334.115897 
(3,12) 17279.870940 4.178317 
17279.870940 
(4,3) 19310.076813 4.973272 
19310.076813 
(4,5) 27096.107856 27.874317 
27096.107856 
(4,11) 5669.182785 31.617310 
5669.182785 
(5,4) 27179.259598 28.193391 
27179.259598 
(5,6) 7311.945477 6.861316 
7311.945477 
(5,9) 28172.171943 52.243557 
28172.171943 
(6,2) 5947.491411 29.844317 
5947.491411 
(6,5) 7316.099071 6.867823 
7316.099071 
(6,8) 9152.257249 60.488513 
9152.257249 
(7,8) 9388.578918 238.908607 
9388.578918 
(7,18) 14854.501437 2.779027 
14854.501437 
(8,6) 9175.580917 61.087006 
9175.580917 
(8,7) 9347.777531 234.834366 
9347.777531 
(8,9) 6889.656854 15.195767 
6889.656854 
(8,16) 1569.948512 241.749618 
1569.948512 
(9,5) 28251.170092 52.775696 
28251.170092 
(9,8) 6865.468794 15.123186 
6865.468794 
(9,10) 31906.703149 201.988948 
31906.703149 
(10,9) 32061.513238 205.879093 
32061.513238 
(10,11) 0.000000 9999.000000 
0.000000 
(10,15) 28016.095372 22.633904 
28016.095372 
(10,16) 13617.507656 41.137637 
13617.507656 
(10,17) 6049.673717 49.362340 
6049.673717 
(11,4) 5661.991959 31.487584 
5661.991959 
(11,10) 0.000000 9999.000000 
0.000000 
(11,12) 10131.251351 22.329920 
10131.251351 
(11,14) 19800.552301 167.088974 
19800.552301 
(12,3) 17284.739949 4.178518 
17284.739949 
(12,11) 10154.795921 22.482250 
10154.795921 
(12,13) 14767.248412 3.760884 
14767.248412 
(13,12) 14895.661990 3.787697 
14895.661990 
(13,24) 10675.018507 189.543604 
10675.018507 
(14,11) 19869.816906 169.382992 
19869.816906 
(14,15) 18191.354458 123.820092 
18191.354458 
(14,23) 8035.670460 8.252934 
8035.670460 
(15,10) 28037.552248 22.684921 
28037.552248 
(15,14) 18285.774540 126.306251 
18285.774540 
(15,19) 21613.250494 5.182129 
21613.250494 
(15,22) 17728.558454 8.235637 
17728.558454 
(16,8) 1576.658853 245.823345 
1576.658853 
(16,10) 13642.221600 41.407971 
13642.221600 
(16,17) 11165.412498 8.232230 
11165.412498 
(16,18) 24757.791505 4.127117 
24757.791505 
(17,10) 6058.312986 49.599117 
6058.312986 
(17,16) 11146.965894 8.191146 
11146.965894 
(17,19) 6930.666370 22.451714 
6930.666370 
(18,7) 14895.302824 2.787621 
14895.302824 
(18,16) 24807.662393 4.136226 
24807.662393 
(18,20) 21824.213379 4.453716 
21824.213379 
(19,15) 21656.127367 5.199496 
21656.127367 
(19,17) 6920.859036 22.336198 
6920.859036 
(19,20) 11692.391458 21.905188 
11692.391458 
(20,18) 21814.885654 4.452941 
21814.885654 
(20,19) 11725.460997 22.108614 
11725.460997 
(20,21) 8892.193369 14.584325 
8892.193369 
(20,22) 5285.906908 19.114857 
5285.906908 
(21,20) 8835.750710 14.368437 
8835.750710 
(21,22) 8915.796102 4.533873 
8915.796102 
(21,24) 9940.770614 126.431863 
9940.770614 
(22,15) 17701.558540 8.203816 
17701.558540 
(22,20) 5266.091381 18.904392 
5266.091381 
(22,21) 8913.379952 4.531128 
8913.379952 
(22,23) 9446.703836 126.324209 
9446.703836 
(23,14) 8010.514983 8.199929 
8010.514983 
(23,22) 9397.472245 123.794098 
9397.472245 
(23,24) 8711.702618 4.597698 
8711.702618 
(24,13) 10703.432085 191.526942 
10703.432085 
(24,21) 9886.744105 123.770329 
9886.744105 
(24,23) 8637.315549 4.510104 
8637.315549 
