(1,2) 5307.615390 6.001587 
5307.615390 
(1,3) 9581.722714 4.269727 
9581.722714 
(2,1) 5488.014893 6.001814 
5488.014893 
(2,6) 4707.615390 14.752044 
4707.615390 
(3,1) 9401.323211 4.249980 
9401.323211 
(3,4) 14373.048649 4.298740 
14373.048649 
(3,12) 22490.166943 4.511683 
22490.166943 
(4,3) 14508.444229 4.310157 
14508.444229 
(4,5) 12914.950934 3.335403 
12914.950934 
(4,11) 4539.100119 966.325130 
4539.100119 
(5,4) 13218.642577 3.465510 
13218.642577 
(5,6) 10773.648951 17.486068 
10773.648951 
(5,9) 0.000000 9999.000000 
0.000000 
(6,2) 4888.014893 16.335008 
4888.014893 
(6,5) 11077.340594 19.072181 
11077.340594 
(6,8) 13681.264341 294.053653 
13681.264341 
(7,8) 15266.148184 9.463457 
15266.148184 
(7,18) 15832.228322 949.086878 
15832.228322 
(8,6) 14165.355487 337.635289 
14165.355487 
(8,7) 14563.497445 8.353154 
14563.497445 
(8,9) 16300.000000 2614.532034 
16300.000000 
(8,16) 15055.796942 956.192323 
15055.796942 
(9,5) 0.000000 9999.000000 
0.000000 
(9,8) 16200.000000 2551.202909 
16200.000000 
(9,10) 0.000000 9999.000000 
0.000000 
(10,9) 0.000000 9999.000000 
0.000000 
(10,11) 31824.964532 81.936598 
31824.964532 
(10,15) 26439.230893 19.193470 
26439.230893 
(10,16) 20815.761853 206.765003 
20815.761853 
(10,17) 6894.412544 77.769620 
6894.412544 
(11,4) 4470.804056 909.819673 
4470.804056 
(11,10) 32800.448191 91.812123 
32800.448191 
(11,12) 27567.874374 901.251016 
27567.874374 
(11,14) 10336.491305 16.111780 
10336.491305 
(12,3) 22174.371860 4.483543 
22174.371860 
(12,11) 27991.078454 957.503137 
27991.078454 
(12,13) 14210.837400 3.652527 
14210.837400 
(13,12) 14418.246396 3.691464 
14418.246396 
(13,24) 6581.796163 1209.209897 
6581.796163 
(14,11) 10920.474821 19.089730 
10920.474821 
(14,15) 8483.401257 94.914505 
8483.401257 
(14,23) 9018.203837 243.653441 
9018.203837 
(15,10) 23018.983894 13.580683 
23018.983894 
(15,14) 8009.679981 76.451340 
8009.679981 
(15,19) 22574.823247 44.554438 
22574.823247 
(15,22) 6633.738015 262.542745 
6633.738015 
(16,8) 14937.237349 926.583030 
14937.237349 
(16,10) 22662.349288 288.867872 
22662.349288 
(16,17) 13598.421060 221.390740 
13598.421060 
(16,18) 16089.162837 6.969863 
16089.162837 
(17,10) 7392.588450 100.228131 
7392.588450 
(17,16) 12559.914939 161.665523 
12559.914939 
(17,19) 6606.142234 18.881904 
6606.142234 
(18,7) 16534.879061 927.598224 
16534.879061 
(18,16) 18855.696799 16.272742 
18855.696799 
(18,20) 22449.338411 4.507977 
22449.338411 
(19,15) 25214.592987 67.673718 
25214.592987 
(19,17) 6065.812019 14.000119 
6065.812019 
(19,20) 19909.320853 154.518989 
19909.320853 
(20,18) 25818.523112 4.888701 
25818.523112 
(20,19) 22008.760378 228.774912 
22008.760378 
(20,21) 14127.474270 60.692609 
14127.474270 
(20,22) 7538.787716 63.398875 
7538.787716 
(21,20) 17644.777967 139.086906 
17644.777967 
(21,22) 6478.226011 2.706267 
6478.226011 
(21,24) 7236.371988 37.660164 
7236.371988 
(22,15) 0.000000 9999.000000 
0.000000 
(22,20) 9390.108244 145.566173 
9390.108244 
(22,21) 10280.754989 6.479653 
10280.754989 
(22,23) 13863.628012 39.463273 
13863.628012 
(23,14) 10075.908629 377.456791 
10075.908629 
(23,22) 12883.739504 30.450810 
12883.739504 
(23,24) 8558.925932 4.420213 
8558.925932 
(24,13) 6689.205160 1289.828481 
6689.205160 
(24,21) 6951.146708 32.510250 
6951.146708 
(24,23) 8636.742215 4.509437 
8636.742215 
