(1,2) 5695.024651 6.033661 
5695.024651 
(1,3) 7999.437687 4.131035 
7999.437687 
(2,1) 5721.411449 6.034290 
5721.411449 
(2,6) 5295.024651 20.608591 
5295.024651 
(3,1) 7973.050889 4.129315 
7973.050889 
(3,4) 20100.507709 5.142684 
20100.507709 
(3,12) 24357.633338 4.703996 
24357.633338 
(4,3) 19933.844705 5.105255 
19933.844705 
(4,5) 20164.760901 9.936217 
20164.760901 
(4,11) 1630.057151 303.333484 
1630.057151 
(5,4) 20091.342429 9.821266 
20091.342429 
(5,6) 10396.588538 15.694927 
10396.588538 
(5,9) 14068.172362 52.003692 
14068.172362 
(6,2) 5321.411449 20.922055 
5321.411449 
(6,5) 10372.079892 15.585039 
10372.079892 
(6,8) 14491.613189 369.641593 
14491.613189 
(7,8) 23967.467480 42.267708 
23967.467480 
(7,18) 25063.256988 457.293947 
25063.256988 
(8,6) 14493.491342 369.832219 
14493.491342 
(8,7) 23963.256988 42.240121 
23963.256988 
(8,9) 9680.834976 334.063825 
9680.834976 
(8,16) 2706.192815 503.439568 
2706.192815 
(9,5) 14019.262537 51.353435 
14019.262537 
(9,8) 9677.836614 333.662533 
9677.836614 
(9,10) 7390.335749 773.039666 
7390.335749 
(10,9) 7438.427560 793.279966 
7438.427560 
(10,11) 14698.721875 549.333222 
14698.721875 
(10,15) 23536.545366 14.285804 
23536.545366 
(10,16) 17209.413661 98.730112 
17209.413661 
(10,17) 7700.255233 116.566984 
7700.255233 
(11,4) 1636.812619 308.293182 
1636.812619 
(11,10) 14577.838033 531.646297 
14577.838033 
(11,12) 20840.996277 298.419010 
20840.996277 
(11,14) 13205.447195 36.264715 
13205.447195 
(12,3) 24497.909543 4.720354 
24497.909543 
(12,11) 20753.228077 293.524154 
20753.228077 
(12,13) 16856.929220 4.291915 
16856.929220 
(13,12) 17009.437226 4.339306 
17009.437226 
(13,24) 12456.929220 348.045141 
12456.929220 
(14,11) 13279.087021 36.990451 
13279.087021 
(14,15) 4737.754617 508.592947 
4737.754617 
(14,23) 11967.692578 24.923863 
11967.692578 
(15,10) 25329.322299 17.113684 
25329.322299 
(15,14) 4777.811269 525.841219 
4777.811269 
(15,19) 8098.810752 109.750805 
8098.810752 
(15,22) 23419.663202 18.944043 
23419.663202 
(16,8) 2706.858838 503.930434 
2706.858838 
(16,10) 16110.239916 76.749797 
16110.239916 
(16,17) 8647.476040 37.877471 
8647.476040 
(16,18) 24396.525953 4.062755 
24396.525953 
(17,10) 7075.627698 85.399327 
7075.627698 
(17,16) 8574.326318 36.678826 
8574.326318 
(17,19) 7750.045984 33.977674 
7750.045984 
(18,7) 25067.467480 457.599972 
25067.467480 
(18,16) 23371.167953 3.895041 
23371.167953 
(18,20) 13951.032235 33.337739 
13951.032235 
(19,15) 11069.002325 65.717840 
11069.002325 
(19,17) 7052.268727 23.925280 
7052.268727 
(19,20) 9561.991303 12.008642 
9561.991303 
(20,18) 12829.884728 24.984194 
12829.884728 
(20,19) 11834.405618 22.791061 
11834.405618 
(20,21) 3948.691456 90.392023 
3948.691456 
(20,22) 7822.112288 72.685339 
7822.112288 
(21,20) 4246.239627 118.851308 
4246.239627 
(21,22) 13695.813328 16.108982 
13695.813328 
(21,24) 13830.472160 465.482284 
13830.472160 
(22,15) 22182.305215 15.832243 
22182.305215 
(22,20) 8575.830925 102.791986 
8575.830925 
(22,21) 14081.780704 17.767930 
14081.780704 
(22,23) 13280.240818 481.765755 
13280.240818 
(23,14) 12001.275752 25.159716 
12001.275752 
(23,22) 13182.568843 467.864789 
13182.568843 
(23,24) 5267.596083 2.347237 
5267.596083 
(24,13) 12509.437226 353.882749 
12509.437226 
(24,21) 13742.052955 453.768485 
13742.052955 
(24,23) 5203.507282 2.330644 
5203.507282 
