(1,2) 6920.795421 6.004588 
6920.795421 
(1,3) 14885.241277 105.262271 
14885.241277 
(2,1) 6885.241277 6.004495 
6885.241277 
(2,6) 3720.795421 8.805703 
3720.795421 
(3,1) 14920.795421 106.233223 
14920.795421 
(3,4) 11743.563692 14.340328 
11743.563692 
(3,12) 10541.677586 4.024698 
10541.677586 
(4,3) 11882.160798 7.184887 
11882.160798 
(4,5) 11593.785753 16.133863 
11593.785753 
(4,11) 8349.777938 126.545606 
8349.777938 
(5,4) 11749.334331 16.907776 
11749.334331 
(5,6) 3879.204579 145.132484 
3879.204579 
(5,9) 17008.544476 105.426851 
17008.544476 
(6,2) 3685.241277 8.662313 
3685.241277 
(6,5) 3914.758723 150.378149 
3914.758723 
(6,8) 0.000000 9999.000000 
0.000000 
(7,8) 8923.388012 3.754512 
8923.388012 
(7,18) 19003.306211 4.086588 
19003.306211 
(8,6) 0.000000 9999.000000 
0.000000 
(8,7) 8905.555158 3.748499 
8905.555158 
(8,9) 3485.225658 262.524979 
3485.225658 
(8,16) 4311.468131 11.396672 
4311.468131 
(9,5) 17128.538911 108.291009 
17128.538911 
(9,8) 3471.854190 258.671860 
3471.854190 
(9,10) 21936.690286 47.461657 
21936.690286 
(10,9) 22143.313253 49.160621 
22143.313253 
(10,11) 26661.746847 42.897945 
26661.746847 
(10,15) 32617.847872 36.562225 
32617.847872 
(10,16) 20636.321985 199.863241 
20636.321985 
(10,17) 2336.125219 533.673716 
2336.125219 
(11,4) 8432.826466 131.413513 
8432.826466 
(11,10) 26588.107698 42.480984 
26588.107698 
(11,12) 16970.689896 134.567053 
16970.689896 
(11,14) 13242.068938 36.624117 
13242.068938 
(12,3) 10438.634623 4.023747 
10438.634623 
(12,11) 17045.895790 136.861235 
17045.895790 
(12,13) 13361.456068 3.509959 
13361.456068 
(13,12) 13433.619000 3.521065 
13433.619000 
(13,24) 10195.781796 182.533550 
10195.781796 
(14,11) 13276.272422 36.962490 
13276.272422 
(14,15) 6813.745189 42.419095 
6813.745189 
(14,23) 8693.820841 9.826972 
8693.820841 
(15,10) 32743.587811 37.036220 
32743.587811 
(15,14) 6837.571755 42.945240 
6837.571755 
(15,19) 24583.546520 61.438375 
24583.546520 
(15,22) 16382.549448 6.817700 
16382.549448 
(16,8) 4307.006744 11.370236 
4307.006744 
(16,10) 20689.059735 201.873105 
20689.059735 
(16,17) 15080.051926 333.799482 
15080.051926 
(16,18) 20753.262918 3.556502 
20753.262918 
(17,10) 2337.909646 535.281681 
2337.909646 
(17,16) 15075.944452 333.438130 
15075.944452 
(17,19) 5986.145901 436.359241 
5986.145901 
(18,7) 19021.139066 4.094431 
19021.139066 
(18,16) 20805.646755 3.562142 
20805.646755 
(18,20) 27801.659059 5.194849 
27801.659059 
(19,15) 24636.391418 61.942475 
24636.391418 
(19,17) 5983.822856 435.685386 
5983.822856 
(19,20) 17799.723665 100.165335 
17799.723665 
(20,18) 27771.875750 5.189737 
27771.875750 
(20,19) 17850.245516 101.261796 
17850.245516 
(20,21) 11866.760052 33.226962 
11866.760052 
(20,22) 9587.544076 157.766427 
9587.544076 
(21,20) 11831.413318 32.904012 
11831.413318 
(21,22) 2901.053919 189.466712 
2901.053919 
(21,24) 10562.815548 160.349678 
10562.815548 
(22,15) 16379.271056 6.814645 
16379.271056 
(22,20) 9543.629352 154.986677 
9543.629352 
(22,21) 2896.055496 188.178051 
2896.055496 
(22,23) 13909.326939 39.933183 
13909.326939 
(23,14) 8704.197759 9.854842 
8704.197759 
(23,22) 13857.135400 39.396887 
13857.135400 
(23,24) 8572.282396 4.435356 
8572.282396 
(24,13) 10167.944728 180.591753 
10167.944728 
(24,21) 10532.467237 158.549114 
10532.467237 
(24,23) 8530.467775 4.388185 
8530.467775 
