(1,2) 2721.042498 6.378256 
2721.042498 
(1,3) 7878.957502 4.123318 
7878.957502 
(2,1) 2389.428544 6.224916 
2389.428544 
(2,6) 4721.042498 14.863781 
4721.042498 
(3,1) 8210.571456 4.145426 
8210.571456 
(3,4) 14877.912511 4.342978 
14877.912511 
(3,12) 10746.210071 4.026672 
10746.210071 
(4,3) 15172.759408 4.370985 
15172.759408 
(4,5) 20204.185921 9.998465 
20204.185921 
(4,11) 2221.789916 75.559202 
2221.789916 
(5,4) 20594.549325 10.634763 
20594.549325 
(5,6) 6226.788749 5.504841 
6226.788749 
(5,9) 23841.490240 29.232312 
23841.490240 
(6,2) 4389.428544 12.370954 
4389.428544 
(6,5) 6573.558485 5.869116 
6573.558485 
(6,8) 6359.492805 467.193929 
6359.492805 
(7,8) 21687.160832 29.324356 
21687.160832 
(7,18) 24745.088495 7.998961 
24745.088495 
(8,6) 6374.648586 471.644360 
6374.648586 
(8,7) 21645.088495 29.120677 
21645.088495 
(8,9) 10429.058428 446.475316 
10429.058428 
(8,16) 1025.433437 42.299668 
1025.433437 
(9,5) 23885.083908 29.410032 
23885.083908 
(9,8) 10411.029127 443.464896 
10411.029127 
(9,10) 21830.461113 46.606664 
21830.461113 
(10,9) 21956.025480 47.618620 
21956.025480 
(10,11) 22256.638814 23.403464 
22256.638814 
(10,15) 31801.649194 33.616099 
31801.649194 
(10,16) 25174.960781 437.809408 
25174.960781 
(10,17) 10805.156424 9280.635455 
10805.156424 
(11,4) 2226.273410 76.122376 
2226.273410 
(11,10) 22114.595052 22.938133 
22114.595052 
(11,12) 14113.994095 67.507974 
14113.994095 
(11,14) 5000.393427 105.367430 
5000.393427 
(12,3) 10782.977127 4.027039 
10782.977127 
(12,11) 14093.198563 67.146272 
14093.198563 
(12,13) 13798.623528 3.580047 
13798.623528 
(13,12) 13914.595052 3.599794 
13914.595052 
(13,24) 6084.028476 536.563575 
6084.028476 
(14,11) 4983.628691 104.014840 
4983.628691 
(14,15) 7254.059584 53.070008 
7254.059584 
(14,23) 8141.732287 405.896336 
8141.732287 
(15,10) 31939.174834 34.096908 
31939.174834 
(15,14) 7241.338860 52.733712 
7241.338860 
(15,19) 16801.931188 3.796961 
16801.931188 
(15,22) 22144.350185 436.607185 
22144.350185 
(16,8) 1016.546183 41.023303 
1016.546183 
(16,10) 25204.918256 439.877979 
25204.918256 
(16,17) 0.000000 9999.000000 
0.000000 
(16,18) 21649.837025 3.659083 
21649.837025 
(17,10) 10805.281438 9281.064592 
10805.281438 
(17,16) 0.000000 9999.000000 
0.000000 
(17,19) 12594.718562 9242.855495 
12594.718562 
(18,7) 24787.160832 8.039863 
24787.160832 
(18,16) 21670.907246 3.661652 
21670.907246 
(18,20) 23009.591164 4.560616 
23009.591164 
(19,15) 16810.312222 3.798552 
16810.312222 
(19,17) 12594.843576 9243.222395 
12594.843576 
(19,20) 5184.406341 473.806504 
5184.406341 
(20,18) 22972.733723 4.557033 
22972.733723 
(20,19) 5192.912388 476.897343 
5192.912388 
(20,21) 11422.805345 29.375539 
11422.805345 
(20,22) 6393.054746 35.201751 
6393.054746 
(21,20) 11339.926420 28.704476 
11339.926420 
(21,22) 9883.394832 5.826211 
9883.394832 
(21,24) 6232.611259 22.073361 
6232.611259 
(22,15) 22160.774066 437.894997 
22160.774066 
(22,20) 6347.582277 34.351600 
6347.582277 
(22,21) 9846.431330 5.769292 
9846.431330 
(22,23) 11701.411081 21.997997 
11701.411081 
(23,14) 8137.688275 405.098440 
8137.688275 
(23,22) 11635.398991 21.595287 
11635.398991 
(23,24) 9617.436147 5.858458 
9617.436147 
(24,13) 6100.000000 542.177885 
6100.000000 
(24,21) 6186.695836 21.517491 
6186.695836 
(24,23) 9547.380046 5.747256 
9547.380046 
