(1,2) 4580.113154 6.014082 
4580.113154 
(1,3) 8193.943177 4.144252 
8193.943177 
(2,1) 4593.943177 6.014253 
4593.943177 
(2,6) 4406.056823 12.483282 
4406.056823 
(3,1) 8180.113154 4.143281 
8180.113154 
(3,4) 15370.603595 4.390716 
15370.603595 
(3,12) 8762.222136 4.011789 
8762.222136 
(4,3) 15342.335291 4.387850 
15342.335291 
(4,5) 17296.294502 6.295894 
17296.294502 
(4,11) 6616.600637 53.532578 
6616.600637 
(5,4) 17354.945999 6.354460 
17354.945999 
(5,6) 8105.969339 8.321693 
8105.969339 
(5,9) 15516.268832 74.555332 
15516.268832 
(6,2) 4419.886846 12.577682 
4419.886846 
(6,5) 8125.764890 8.364064 
8125.764890 
(6,8) 10486.082493 102.788454 
10486.082493 
(7,8) 8696.989311 59.789712 
8696.989311 
(7,18) 12603.995269 2.403788 
12603.995269 
(8,6) 10519.708067 104.087474 
10519.708067 
(8,7) 8664.081920 58.935062 
8664.081920 
(8,9) 5210.497961 37.195447 
5210.497961 
(8,16) 7303.590442 57.674326 
7303.590442 
(9,5) 15555.124778 75.254677 
15555.124778 
(9,8) 5181.589868 36.596925 
5181.589868 
(9,10) 22613.591516 53.208749 
22613.591516 
(10,9) 22723.539370 54.192358 
22723.539370 
(10,11) 31820.302617 81.891527 
31820.302617 
(10,15) 26748.051171 19.820773 
26748.051171 
(10,16) 13610.216655 41.058165 
13610.216655 
(10,17) 8841.222865 196.680337 
8841.222865 
(11,4) 6629.680835 53.909558 
6629.680835 
(11,10) 31678.109790 80.526316 
31678.109790 
(11,12) 13504.826418 57.557010 
13504.826418 
(11,14) 11928.086908 25.478234 
11928.086908 
(12,3) 8776.660418 4.011867 
8776.660418 
(12,11) 13485.737585 57.266128 
13485.737585 
(12,13) 14767.048554 3.760843 
14767.048554 
(13,12) 14862.398004 3.780684 
14862.398004 
(13,24) 8216.397900 69.117436 
8216.397900 
(14,11) 11918.063112 25.406127 
11918.063112 
(14,15) 4230.927276 95.190867 
4230.927276 
(14,23) 8257.786483 8.743018 
8257.786483 
(15,10) 26852.148420 20.037182 
26852.148420 
(15,14) 4251.707381 96.975845 
4251.707381 
(15,19) 15569.657031 12.402345 
15569.657031 
(15,22) 18137.046704 8.735115 
18137.046704 
(16,8) 7333.216717 58.534213 
7333.216717 
(16,10) 13654.003878 41.537370 
13654.003878 
(16,17) 12623.915714 164.944873 
12623.915714 
(16,18) 21608.587573 3.654074 
21608.587573 
(17,10) 8845.479072 197.043926 
8845.479072 
(17,16) 12619.726399 164.728684 
12619.726399 
(17,19) 1934.794529 204.287198 
1934.794529 
(18,7) 12636.902660 2.408021 
12636.902660 
(18,16) 21686.190386 3.663520 
21686.190386 
(18,20) 22072.669493 11.595728 
22072.669493 
(19,15) 15598.524268 12.472269 
15598.524268 
(19,17) 1934.861422 204.315174 
1934.861422 
(19,20) 12034.795610 24.096498 
12034.795610 
(20,18) 22083.179697 11.610206 
22083.179697 
(20,19) 12063.729740 24.290461 
12063.729740 
(20,21) 10397.858129 22.048930 
10397.858129 
(20,22) 5973.928625 28.027063 
5973.928625 
(21,20) 10353.506770 21.776855 
10353.506770 
(21,22) 9993.696532 5.999899 
9993.696532 
(21,24) 9284.817086 96.937821 
9284.817086 
(22,15) 18133.056823 8.730070 
18133.056823 
(22,20) 5957.724317 27.778233 
5957.724317 
(22,21) 9995.073383 6.002104 
9995.073383 
(22,23) 3668.340071 96.967066 
3668.340071 
(23,14) 8226.982582 8.672642 
8226.982582 
(23,22) 3649.522732 95.074135 
3649.522732 
(23,24) 9770.180736 6.109481 
9770.180736 
(24,13) 8211.747349 68.970133 
8211.747349 
(24,21) 9239.088877 95.100853 
9239.088877 
(24,23) 9720.559497 6.026629 
9720.559497 
