(1,2) 5235.831526 6.024049 
5235.831526 
(1,3) 7564.168474 4.104760 
7564.168474 
(2,1) 5249.903675 6.024308 
5249.903675 
(2,6) 5035.831526 17.769578 
5035.831526 
(3,1) 7550.096325 4.103982 
7550.096325 
(3,4) 9964.168474 4.069002 
9964.168474 
(3,12) 0.000000 9999.000000 
0.000000 
(4,3) 9950.096325 4.068613 
9950.096325 
(4,5) 13038.881874 3.387403 
13038.881874 
(4,11) 11125.286600 385.923810 
11125.286600 
(5,4) 13095.548753 3.411679 
13095.548753 
(5,6) 9523.002501 12.232461 
9523.002501 
(5,9) 7702.521059 415.512910 
7702.521059 
(6,2) 5049.903675 17.912911 
5049.903675 
(6,5) 9560.651641 12.363423 
9560.651641 
(6,8) 14672.192341 388.311603 
14672.192341 
(7,8) 17616.145331 14.460155 
17616.145331 
(7,18) 22863.894217 6.372409 
22863.894217 
(8,6) 14723.913631 393.787658 
14723.913631 
(8,7) 17563.894217 14.324791 
17563.894217 
(8,9) 5320.448949 39.564627 
5320.448949 
(8,16) 5689.305683 24.395028 
5689.305683 
(9,5) 7721.538796 419.582221 
7721.538796 
(9,8) 5307.470806 39.277214 
5307.470806 
(9,10) 18221.513501 24.166011 
18221.513501 
(10,9) 18327.553096 24.663029 
18327.553096 
(10,11) 28941.138348 57.616711 
28941.138348 
(10,15) 24458.705825 15.662681 
24458.705825 
(10,16) 13446.250404 39.304376 
13446.250404 
(10,17) 7711.275299 117.189813 
7711.275299 
(11,4) 11154.547572 389.936606 
11154.547572 
(11,10) 28815.649482 56.710045 
28815.649482 
(11,12) 16406.871090 118.314224 
16406.871090 
(11,14) 11079.719685 19.989338 
11079.719685 
(12,3) 0.000000 9999.000000 
0.000000 
(12,11) 16401.119509 118.156816 
16401.119509 
(12,13) 10306.871090 7.762924 
10306.871090 
(13,12) 10401.119509 7.939541 
10401.119509 
(13,24) 9498.880491 120.321806 
9498.880491 
(14,11) 11089.243373 20.044384 
11089.243373 
(14,15) 7533.339279 60.911331 
7533.339279 
(14,23) 8745.507723 9.966784 
8745.507723 
(15,10) 24561.823022 15.826665 
24561.823022 
(15,14) 7565.788038 61.880892 
7565.788038 
(15,19) 16358.947161 14.458859 
16358.947161 
(15,22) 18445.260865 9.135007 
18445.260865 
(16,8) 5701.754000 24.565333 
5701.754000 
(16,10) 13471.240931 39.567568 
13471.240931 
(16,17) 11009.890238 96.274950 
11009.890238 
(16,18) 21920.480096 3.692662 
21920.480096 
(17,10) 7714.696037 117.383690 
7714.696037 
(17,16) 11006.579960 96.161621 
11006.579960 
(17,19) 4678.724003 118.545776 
4678.724003 
(18,7) 22916.145331 6.412516 
22916.145331 
(18,16) 21961.229218 3.697827 
21961.229218 
(18,20) 23587.082422 13.904827 
23587.082422 
(19,15) 16389.106468 14.543595 
16389.106468 
(19,17) 4678.834463 118.556783 
4678.834463 
(19,20) 11880.112698 23.083048 
11880.112698 
(20,18) 23580.082659 13.893074 
23580.082659 
(20,19) 11910.382465 23.278282 
11910.382465 
(20,21) 10560.280422 23.075457 
10560.280422 
(20,22) 6016.419535 28.689226 
6016.419535 
(21,20) 10506.874391 22.732649 
10506.874391 
(21,22) 9743.252658 5.613768 
9743.252658 
(21,24) 8288.679151 62.660706 
8288.679151 
(22,15) 18450.667513 9.142203 
18450.667513 
(22,20) 5993.095570 28.324011 
5993.095570 
(22,21) 9728.115273 5.591362 
9728.115273 
(22,23) 7858.942036 62.593246 
7858.942036 
(23,14) 8722.582652 9.904465 
8722.582652 
(23,22) 7825.887334 61.613675 
7825.887334 
(23,24) 9468.775601 5.625366 
9468.775601 
(24,13) 9493.128910 120.040330 
9493.128910 
(24,21) 8250.410505 61.566505 
8250.410505 
(24,23) 9412.795828 5.540390 
9412.795828 
