(1,2) 5400.000000 6.001701 
5400.000000 
(1,3) 7600.000000 4.106759 
7600.000000 
(2,1) 5400.000000 6.001701 
5400.000000 
(2,6) 5000.000000 17.410000 
5000.000000 
(3,1) 7600.000000 4.106759 
7600.000000 
(3,4) 15830.906954 4.439664 
15830.906954 
(3,12) 12042.992545 4.042070 
12042.992545 
(4,3) 15756.459353 4.431452 
15756.459353 
(4,5) 18089.730633 7.140077 
18089.730633 
(4,11) 5641.447794 31.119673 
5641.447794 
(5,4) 18084.440339 7.134067 
18084.440339 
(5,6) 9035.228595 10.670996 
9035.228595 
(5,9) 12554.502038 34.811183 
12554.502038 
(6,2) 5000.000000 17.410000 
5000.000000 
(6,5) 9080.727688 10.806388 
9080.727688 
(6,8) 12835.228595 228.241430 
12835.228595 
(7,8) 17060.802575 13.081956 
17060.802575 
(7,18) 20082.880683 4.602699 
20082.880683 
(8,6) 12880.727688 231.466505 
12880.727688 
(8,7) 16982.880683 12.899024 
16982.880683 
(8,9) 8558.333964 207.941202 
8558.333964 
(8,16) 5478.355977 21.674558 
5478.355977 
(9,5) 12503.712651 34.331697 
12503.712651 
(9,8) 8526.008064 204.967509 
8526.008064 
(9,10) 16828.493973 18.398635 
16828.493973 
(10,9) 16845.378687 18.460529 
16845.378687 
(10,11) 24504.927467 32.044250 
24504.927467 
(10,15) 0.000000 9999.000000 
0.000000 
(10,16) 20862.218413 208.581193 
20862.218413 
(10,17) 9561.348093 266.079679 
9561.348093 
(11,4) 5672.290486 31.673527 
5672.290486 
(11,10) 24338.752001 31.318097 
24338.752001 
(11,12) 11387.238580 32.061858 
11387.238580 
(11,14) 20073.863529 176.281742 
20073.863529 
(12,3) 12117.440146 4.043119 
12117.440146 
(12,11) 11327.488268 31.519149 
11327.488268 
(12,13) 15348.441403 3.887927 
15348.441403 
(13,12) 15463.138691 3.914767 
15463.138691 
(13,24) 10641.333306 187.212722 
10641.333306 
(14,11) 20098.281068 177.121516 
20098.281068 
(14,15) 9940.877396 174.530792 
9940.877396 
(14,23) 10632.986133 17.038306 
10632.986133 
(15,10) 0.000000 9999.000000 
0.000000 
(15,14) 9981.130630 177.293415 
9981.130630 
(15,19) 20321.283256 30.285034 
20321.283256 
(15,22) 16928.747026 7.352864 
16928.747026 
(16,8) 5478.259078 21.673379 
5478.259078 
(16,10) 20924.262386 211.025759 
20924.262386 
(16,17) 9642.697713 57.470051 
9642.697713 
(16,18) 24890.765867 4.151527 
24890.765867 
(17,10) 9582.364300 268.356247 
9582.364300 
(17,16) 9636.373707 57.324678 
9636.373707 
(17,19) 9883.461613 86.579686 
9883.461613 
(18,7) 20160.802575 4.643329 
20160.802575 
(18,16) 24959.036947 4.164213 
24959.036947 
(18,20) 30301.341553 81.955853 
30301.341553 
(19,15) 20316.063286 30.257010 
20316.063286 
(19,17) 9898.153814 87.083734 
9898.153814 
(19,20) 15394.946942 57.811896 
15394.946942 
(20,18) 30347.534525 82.432302 
30347.534525 
(20,19) 15404.419173 57.944456 
15404.419173 
(20,21) 12394.568907 38.403822 
12394.568907 
(20,22) 0.000000 9999.000000 
0.000000 
(21,20) 12350.234111 37.942676 
12350.234111 
(21,22) 8234.853060 57.150508 
8234.853060 
(21,24) 10113.946414 135.260350 
10113.946414 
(22,15) 16874.220230 7.297053 
16874.220230 
(22,20) 0.000000 9999.000000 
0.000000 
(22,21) 8245.949803 57.448378 
8245.949803 
(22,23) 10159.234617 167.619543 
10159.234617 
(23,14) 10617.150437 16.960807 
10617.150437 
(23,22) 10115.804564 164.839582 
10115.804564 
(23,24) 15042.084180 25.089185 
15042.084180 
(24,13) 10656.030594 188.226998 
10656.030594 
(24,21) 10058.514874 132.384581 
10058.514874 
(24,23) 14982.818431 24.727445 
14982.818431 
