(1,2) 4876.204888 6.001131 
4876.204888 
(1,3) 7949.800981 4.127813 
7949.800981 
(2,1) 4882.314542 6.001136 
4882.314542 
(2,6) 4650.199019 14.284915 
4650.199019 
(3,1) 7943.691327 4.127421 
7943.691327 
(3,4) 15010.335589 4.355353 
15010.335589 
(3,12) 7910.067296 4.007830 
7910.067296 
(4,3) 15053.758623 4.359483 
15053.758623 
(4,5) 18179.697827 7.243097 
18179.697827 
(4,11) 7481.116728 83.681465 
7481.116728 
(5,4) 18282.926016 7.363201 
18282.926016 
(5,6) 7696.588643 7.512588 
7696.588643 
(5,9) 15083.642951 67.116392 
15083.642951 
(6,2) 4656.308673 14.333807 
4656.308673 
(6,5) 7731.492415 7.576740 
7731.492415 
(6,8) 10846.253895 117.365717 
10846.253895 
(7,8) 6782.111258 153.439541 
6782.111258 
(7,18) 9884.821449 2.152755 
9884.821449 
(8,6) 10887.267320 119.120590 
10887.267320 
(8,7) 6757.730311 151.287923 
6757.730311 
(8,9) 6026.685112 58.673580 
6026.685112 
(8,16) 9386.788761 148.721427 
9386.788761 
(9,5) 15151.967369 68.249537 
15151.967369 
(9,8) 5998.265178 57.761937 
5998.265178 
(9,10) 23285.377773 59.446157 
23285.377773 
(10,9) 23425.282257 60.815004 
23425.282257 
(10,11) 28003.104309 51.119647 
28003.104309 
(10,15) 16540.907131 151.924791 
16540.907131 
(10,16) 19073.989953 146.951907 
19073.989953 
(10,17) 8419.708088 163.190607 
8419.708088 
(11,4) 7521.311573 85.364448 
7521.311573 
(11,10) 27849.227398 50.114263 
27849.227398 
(11,12) 15349.274399 92.036572 
15349.274399 
(11,14) 15947.099116 72.618648 
15947.099116 
(12,3) 7860.534608 4.007636 
7860.534608 
(12,11) 15315.209786 91.275348 
15315.209786 
(12,13) 15995.239882 4.047329 
15995.239882 
(13,12) 16011.642581 4.051631 
16011.642581 
(13,24) 10395.239882 14.427724 
10395.239882 
(14,11) 15967.481663 72.970137 
15967.481663 
(14,15) 1316.686173 134.924441 
1316.686173 
(14,23) 13530.412943 38.185692 
13530.412943 
(15,10) 16648.162470 155.746614 
16648.162470 
(15,14) 1318.820002 135.768716 
1318.820002 
(15,19) 18490.482581 21.703073 
18490.482581 
(15,22) 19764.241618 11.087168 
19764.241618 
(16,8) 9431.841174 151.500551 
9431.841174 
(16,10) 19151.929305 149.302764 
19151.929305 
(16,17) 8159.416156 30.438108 
8159.416156 
(16,18) 24401.362558 4.063598 
24401.362558 
(17,10) 8428.294791 163.824650 
8428.294791 
(17,16) 8114.044207 29.810823 
8114.044207 
(17,19) 6857.661002 21.603508 
6857.661002 
(18,7) 9909.202395 2.154268 
9909.202395 
(18,16) 24569.726273 4.093258 
24569.726273 
(18,20) 22759.092869 4.536599 
22759.092869 
(19,15) 18531.224089 21.868458 
18531.224089 
(19,17) 6820.875756 21.186259 
6820.875756 
(19,20) 11380.537224 20.070025 
11380.537224 
(20,18) 22851.837530 4.545399 
22851.837530 
(20,19) 11384.493487 20.092383 
11384.493487 
(20,21) 0.000000 9999.000000 
0.000000 
(20,22) 7174.599382 52.905905 
7174.599382 
(21,20) 0.000000 9999.000000 
0.000000 
(21,22) 10475.527869 6.828898 
10475.527869 
(21,24) 2630.252411 264.469758 
2630.252411 
(22,15) 19732.889277 11.035975 
19732.889277 
(22,20) 7171.300306 52.817852 
7171.300306 
(22,21) 10480.731377 6.838500 
10480.731377 
(22,23) 17108.588589 86.248496 
17108.588589 
(23,14) 13548.661661 38.370493 
13548.661661 
(23,22) 17079.140680 85.683680 
17079.140680 
(23,24) 5659.926928 185.049160 
5659.926928 
(24,13) 10311.642581 14.096314 
10311.642581 
(24,21) 2625.048903 262.406796 
2625.048903 
(24,23) 5648.727737 183.604670 
5648.727737 
