(1,2) 2191.926975 6.000046 
2191.926975 
(1,3) 10793.724446 4.434345 
10793.724446 
(2,1) 2193.724446 6.000046 
2193.724446 
(2,6) 1806.275554 13.215397 
1806.275554 
(3,1) 10791.926975 4.434056 
10791.926975 
(3,4) 12200.348863 4.155091 
12200.348863 
(3,12) 10736.368281 4.026574 
10736.368281 
(4,3) 12145.005489 4.152296 
12145.005489 
(4,5) 13720.459945 3.701045 
13720.459945 
(4,11) 7736.896221 94.862549 
7736.896221 
(5,4) 13748.333145 3.714910 
13748.333145 
(5,6) 5692.039598 5.050765 
5692.039598 
(5,9) 15749.858820 78.839357 
15749.858820 
(6,2) 1808.073025 13.248147 
1808.073025 
(6,5) 5696.374810 5.053970 
5696.374810 
(6,8) 4076.876679 137.194325 
4076.876679 
(7,8) 4045.863386 59.379583 
4045.863386 
(7,18) 12621.644373 2.406054 
12621.644373 
(8,6) 4083.009362 138.009632 
4083.009362 
(8,7) 4040.421157 59.076842 
4040.421157 
(8,9) 6177.760179 63.740718 
6177.760179 
(8,16) 7310.496192 57.873829 
7310.496192 
(9,5) 15773.396808 79.281756 
15773.396808 
(9,8) 6168.110540 63.405733 
6168.110540 
(9,10) 22775.818151 54.665088 
22775.818151 
(10,9) 22889.706500 55.706251 
22889.706500 
(10,11) 26691.395026 43.066799 
26691.395026 
(10,15) 28653.451184 24.200005 
28653.451184 
(10,16) 15159.984810 61.045162 
15159.984810 
(10,17) 7126.860591 87.665511 
7126.860591 
(11,4) 7753.679646 95.636129 
7753.679646 
(11,10) 26563.653044 42.343280 
26563.653044 
(11,12) 15518.100767 95.884740 
15518.100767 
(11,14) 11757.717225 24.277174 
11757.717225 
(12,3) 10789.914184 4.027108 
10789.914184 
(12,11) 15479.369309 94.990725 
15479.369309 
(12,13) 14340.574390 3.676684 
14340.574390 
(13,12) 14455.388836 3.698617 
14455.388836 
(13,24) 9556.998972 123.194879 
9556.998972 
(14,11) 11785.490126 24.469441 
11785.490126 
(14,15) 6809.820012 42.332945 
6809.820012 
(14,23) 9338.602515 11.757606 
9338.602515 
(15,10) 28760.040800 24.472333 
28760.040800 
(15,14) 6842.391752 43.052348 
6842.391752 
(15,19) 19925.277960 28.219562 
19925.277960 
(15,22) 20177.850051 11.785681 
20177.850051 
(16,8) 7320.836284 58.173607 
7320.836284 
(16,10) 15182.257047 61.381133 
15182.257047 
(16,17) 8447.008925 34.664511 
8447.008925 
(16,18) 21215.455281 3.607758 
21215.455281 
(17,10) 7139.629069 88.237962 
7139.629069 
(17,16) 8434.479828 34.471143 
8434.479828 
(17,19) 7825.891103 35.247956 
7825.891103 
(18,7) 12627.086603 2.406755 
12627.086603 
(18,16) 21260.596708 3.612947 
21260.596708 
(18,20) 20615.368368 4.361239 
20615.368368 
(19,15) 19985.368993 28.525171 
19985.368993 
(19,17) 7826.130483 35.252024 
7826.130483 
(19,20) 10587.096605 16.035746 
10587.096605 
(20,18) 20565.952025 4.357788 
20565.952025 
(20,19) 10647.427019 16.312442 
10647.427019 
(20,21) 11353.684847 28.814864 
11353.684847 
(20,22) 6278.290503 33.090797 
6278.290503 
(21,20) 11293.061759 28.331472 
11293.061759 
(21,22) 8679.680935 4.275933 
8679.680935 
(21,24) 7507.900701 43.162538 
7507.900701 
(22,15) 20156.920373 11.749286 
20156.920373 
(22,20) 6249.827662 32.584848 
6249.827662 
(22,21) 8658.094461 4.253376 
8658.094461 
(22,23) 14201.906351 43.053307 
14201.906351 
(23,14) 9333.803678 11.741673 
9333.803678 
(23,22) 14130.927358 42.278410 
14130.927358 
(23,24) 8399.922377 4.245317 
8399.922377 
(24,13) 9571.813417 123.935663 
9571.813417 
(24,21) 7468.864086 42.333745 
7468.864086 
(24,23) 8324.144546 4.165384 
8324.144546 
