(1,2) 0.000000 9999.000000 
0.000000 
(1,3) 8800.000000 4.191903 
8800.000000 
(2,1) 0.000000 9999.000000 
0.000000 
(2,6) 4000.000000 10.083136 
4000.000000 
(3,1) 8800.000000 4.191903 
8800.000000 
(3,4) 16818.746462 4.560109 
16818.746462 
(3,12) 12653.475349 4.051271 
12653.475349 
(4,3) 16785.981311 4.555757 
16785.981311 
(4,5) 21332.386975 11.940290 
21332.386975 
(4,11) 7153.659623 70.947849 
7153.659623 
(5,4) 21386.474007 12.041486 
21386.474007 
(5,6) 20963.114979 197.311345 
20963.114979 
(5,9) 13711.032965 47.409382 
13711.032965 
(6,2) 4000.000000 10.083136 
4000.000000 
(6,5) 21018.167937 199.350042 
21018.167937 
(6,8) 17363.114979 759.649377 
17363.114979 
(7,8) 20001.412330 22.045379 
20001.412330 
(7,18) 23039.053753 6.507944 
23039.053753 
(8,6) 17418.167937 769.304243 
17418.167937 
(8,7) 19939.053753 21.808975 
19939.053753 
(8,9) 3447.886009 1016.063667 
3447.886009 
(8,16) 1959.590204 31.939806 
1959.590204 
(9,5) 13710.067039 47.397433 
13710.067039 
(9,8) 3435.528978 1001.718313 
3435.528978 
(9,10) 18394.221071 24.979957 
18394.221071 
(10,9) 18480.898113 25.397189 
18480.898113 
(10,11) 18322.585439 13.452950 
18322.585439 
(10,15) 19743.516185 538.991444 
19743.516185 
(10,16) 0.000000 9999.000000 
0.000000 
(10,17) 12219.112270 696.392154 
12219.112270 
(11,4) 7166.807441 71.426641 
7166.807441 
(11,10) 18228.885437 13.281361 
18228.885437 
(11,12) 14361.135862 71.930575 
14361.135862 
(11,14) 24620.499368 393.854735 
24620.499368 
(12,3) 12686.240499 4.051804 
12686.240499 
(12,11) 14335.247128 71.456448 
14335.247128 
(12,13) 12718.228220 3.418626 
12718.228220 
(13,12) 12825.104637 3.432876 
12825.104637 
(13,24) 5118.228220 516.317166 
5118.228220 
(14,11) 24665.835916 396.734213 
24665.835916 
(14,15) 9695.886522 158.426302 
9695.886522 
(14,23) 15424.612846 61.737405 
15424.612846 
(15,10) 19794.347208 544.501568 
19794.347208 
(15,14) 9739.478465 161.204135 
9739.478465 
(15,19) 15226.361056 11.600119 
15226.361056 
(15,22) 27053.685996 31.391063 
27053.685996 
(16,8) 1964.641617 32.218663 
1964.641617 
(16,10) 0.000000 9999.000000 
0.000000 
(16,17) 15156.124684 340.545490 
15156.124684 
(16,18) 21289.918566 3.616336 
21289.918566 
(17,10) 12248.658292 703.074519 
12248.658292 
(17,16) 15104.828980 335.985495 
15104.828980 
(17,19) 11307.466393 146.907535 
11307.466393 
(18,7) 23101.412330 6.556948 
23101.412330 
(18,16) 21346.265682 3.622886 
21346.265682 
(18,20) 21401.874927 10.713628 
21401.874927 
(19,15) 15248.110739 11.649363 
15248.110739 
(19,17) 11285.716711 145.795841 
11285.716711 
(19,20) 0.000000 9999.000000 
0.000000 
(20,18) 21420.580621 10.737130 
21420.580621 
(20,19) 0.000000 9999.000000 
0.000000 
(20,21) 11627.917884 445.817273 
11627.917884 
(20,22) 12549.903485 453.497441 
12549.903485 
(21,20) 11588.200096 439.838810 
11588.200096 
(21,22) 11119.826411 8.131072 
11119.826411 
(21,24) 10020.833555 130.456641 
10020.833555 
(22,15) 27026.359280 31.276526 
27026.359280 
(22,20) 12508.326967 447.583610 
12508.326967 
(22,21) 11136.087524 8.167014 
11136.087524 
(22,23) 9530.628534 130.729402 
9530.628534 
(23,14) 15426.357451 61.763531 
15426.357451 
(23,22) 9477.986413 127.952572 
9477.986413 
(23,24) 10704.995399 7.922737 
10704.995399 
(24,13) 5125.104637 519.075943 
5125.104637 
(24,21) 9964.854653 127.632397 
9964.854653 
(24,23) 10654.097883 7.810898 
10654.097883 
