(1,2) 8800.000000 6.228153 
8800.000000 
(1,3) 0.000000 9999.000000 
0.000000 
(2,1) 8800.000000 6.228153 
8800.000000 
(2,6) 12600.000000 505.465270 
12600.000000 
(3,1) 0.000000 9999.000000 
0.000000 
(3,4) 10395.386511 4.081745 
10395.386511 
(3,12) 11363.402284 4.033348 
11363.402284 
(4,3) 10363.402284 4.080743 
10363.402284 
(4,5) 6738.992681 74.764426 
6738.992681 
(4,11) 2698.887885 66.734969 
2698.887885 
(5,4) 6798.066855 77.349590 
6798.066855 
(5,6) 12800.000000 30.870389 
12800.000000 
(5,9) 14525.532079 58.420684 
14525.532079 
(6,2) 12600.000000 505.465270 
12600.000000 
(6,5) 12800.000000 30.870389 
12800.000000 
(6,8) 6000.000000 200.563847 
6000.000000 
(7,8) 17212.101182 13.444377 
17212.101182 
(7,18) 20627.758366 4.896864 
20627.758366 
(8,6) 6000.000000 200.563847 
6000.000000 
(8,7) 17155.076606 13.306652 
17155.076606 
(8,9) 7909.275644 154.386348 
7909.275644 
(8,16) 12984.840334 531.259315 
12984.840334 
(9,5) 14584.606254 59.295030 
14584.606254 
(9,8) 7872.739151 151.736836 
7872.739151 
(9,10) 20811.208789 39.015583 
20811.208789 
(10,9) 20933.746470 39.871353 
20933.746470 
(10,11) 26794.222785 43.656802 
26794.222785 
(10,15) 26575.190232 19.466951 
26575.190232 
(10,16) 3710.414015 706.415620 
3710.414015 
(10,17) 11567.054222 560.800436 
11567.054222 
(11,4) 2707.829484 67.543854 
2707.829484 
(11,10) 26700.683111 43.119812 
26700.683111 
(11,12) 13625.751866 59.428576 
13625.751866 
(11,14) 10972.982879 19.382049 
10972.982879 
(12,3) 11395.386511 4.033725 
11395.386511 
(12,11) 13573.960534 58.620870 
13573.960534 
(12,13) 15604.285261 3.948627 
15604.285261 
(13,12) 15684.478156 3.968278 
15684.478156 
(13,24) 15801.619501 59.674697 
15801.619501 
(14,11) 11040.176136 19.762293 
11040.176136 
(14,15) 6848.979239 43.199099 
6848.979239 
(14,23) 8670.199831 9.763902 
8670.199831 
(15,10) 26684.908911 19.690732 
26684.908911 
(15,14) 6868.938757 43.646334 
6868.938757 
(15,19) 28099.495576 9.234392 
28099.495576 
(15,22) 18985.089882 9.885358 
18985.089882 
(16,8) 12964.352250 527.945743 
12964.352250 
(16,10) 3712.623804 708.090449 
3712.623804 
(16,17) 12250.342186 146.496469 
12250.342186 
(16,18) 0.000000 9999.000000 
0.000000 
(17,10) 11571.203108 561.593980 
11571.203108 
(17,16) 12232.063892 145.636005 
12232.063892 
(17,19) 15651.820837 533.972545 
15651.820837 
(18,7) 20684.782941 4.929030 
20684.782941 
(18,16) 0.000000 9999.000000 
0.000000 
(18,20) 22627.758366 4.524320 
22627.758366 
(19,15) 28150.394756 9.279686 
28150.394756 
(19,17) 15637.691430 532.054229 
15637.691430 
(19,20) 19434.485905 140.665136 
19434.485905 
(20,18) 22584.782941 4.520348 
22584.782941 
(20,19) 19471.255678 141.702349 
19471.255678 
(20,21) 12628.173970 40.916666 
12628.173970 
(20,22) 3698.348713 160.767441 
3698.348713 
(21,20) 12527.943683 39.821254 
12527.943683 
(21,22) 2665.004453 180.849977 
2665.004453 
(21,24) 10493.149521 156.239427 
10493.149521 
(22,15) 18963.868898 9.854624 
18963.868898 
(22,20) 3692.373349 159.763195 
3692.373349 
(22,21) 2664.975551 180.842219 
2664.975551 
(22,23) 14245.622082 43.536381 
14245.622082 
(23,14) 8717.433570 9.890535 
8717.433570 
(23,22) 14218.396832 43.235009 
14218.396832 
(23,24) 12788.662875 14.063605 
12788.662875 
(24,13) 15781.812396 59.396071 
15781.812396 
(24,21) 10392.948136 150.469468 
10392.948136 
(24,23) 12808.671365 14.139278 
12808.671365 
