(1,2) 4965.613007 6.381292 
4965.613007 
(1,3) 8337.577933 4.154636 
8337.577933 
(2,1) 4931.975917 6.371065 
4931.975917 
(2,6) 4393.105649 12.395684 
4393.105649 
(3,1) 8371.215022 4.157146 
8371.215022 
(3,4) 15267.133265 4.380301 
15267.133265 
(3,12) 7405.787830 4.006016 
7405.787830 
(4,3) 15246.319271 4.378232 
15246.319271 
(4,5) 17985.513095 7.022646 
17985.513095 
(4,11) 7481.620170 83.702377 
7481.620170 
(5,4) 18027.354431 7.069548 
18027.354431 
(5,6) 9042.485940 10.692455 
9042.485940 
(5,9) 14324.625856 55.525939 
14324.625856 
(6,2) 4359.468559 12.171764 
4359.468559 
(6,5) 9025.313254 10.641761 
9025.313254 
(6,8) 12353.992888 196.172219 
12353.992888 
(7,8) 18926.079147 18.268261 
18926.079147 
(7,18) 21372.179970 5.338222 
21372.179970 
(8,6) 12303.183112 192.997489 
12303.183112 
(8,7) 17072.179970 13.108876 
17072.179970 
(8,9) 0.000000 9999.000000 
0.000000 
(8,16) 2781.812918 22.874757 
2781.812918 
(9,5) 14383.639878 56.363718 
14383.639878 
(9,8) 0.000000 9999.000000 
0.000000 
(9,10) 22724.625856 54.202150 
22724.625856 
(10,9) 22883.639878 55.650397 
22883.639878 
(10,11) 24897.260883 33.818246 
24897.260883 
(10,15) 26615.105269 19.548041 
26615.105269 
(10,16) 17759.261758 111.429459 
17759.261758 
(10,17) 8947.895993 205.952505 
8947.895993 
(11,4) 7518.964840 85.265444 
7518.964840 
(11,10) 24727.252384 33.039141 
24727.252384 
(11,12) 15371.754280 92.541702 
15371.754280 
(11,14) 15160.037353 60.042367 
15160.037353 
(12,3) 7460.238914 4.006195 
7460.238914 
(12,11) 15321.354357 91.412282 
15321.354357 
(12,13) 11613.341344 3.291037 
11613.341344 
(13,12) 11717.392505 3.301609 
11717.392505 
(13,24) 3118.406729 237.824363 
3118.406729 
(14,11) 15177.773447 60.305089 
15177.773447 
(14,15) 7926.667121 73.534966 
7926.667121 
(14,23) 16849.055022 86.205782 
16849.055022 
(15,10) 26742.480878 19.809264 
26742.480878 
(15,14) 7950.745254 74.371498 
7950.745254 
(15,19) 18551.838229 21.952556 
18551.838229 
(15,22) 6119.549380 147.154977 
6119.549380 
(16,8) 877.103966 29.765664 
877.103966 
(16,10) 17847.894606 113.590202 
17847.894606 
(16,17) 11280.823366 105.902872 
11280.823366 
(16,18) 27989.841731 4.841294 
27989.841731 
(17,10) 8960.910057 207.106650 
8960.910057 
(17,16) 11265.070575 105.323717 
11265.070575 
(17,19) 3174.019368 204.507672 
3174.019368 
(18,7) 23226.079147 6.656114 
23226.079147 
(18,16) 26189.518418 4.411339 
26189.518418 
(18,20) 22832.431280 12.696783 
22832.431280 
(19,15) 18600.555631 22.152420 
18600.555631 
(19,17) 3171.280641 203.809635 
3171.280641 
(19,20) 17180.557588 87.466947 
17180.557588 
(20,18) 22786.007144 12.626267 
22786.007144 
(20,19) 17226.536262 88.364038 
17226.536262 
(20,21) 12629.505457 40.931394 
12629.505457 
(20,22) 6821.755827 44.154629 
6821.755827 
(21,20) 12560.469464 40.173859 
12560.469464 
(21,22) 7519.081184 3.281750 
7519.081184 
(21,24) 7987.136065 54.441237 
7987.136065 
(22,15) 6122.285721 147.412984 
6122.285721 
(22,20) 6790.346357 43.438474 
6790.346357 
(22,21) 7498.617235 3.267854 
7498.617235 
(22,23) 7578.034808 54.654449 
7578.034808 
(23,14) 16842.712983 86.082082 
16842.712983 
(23,22) 7528.897730 53.353369 
7528.897730 
(23,24) 7536.490816 3.454967 
7536.490816 
(24,13) 3122.457890 239.041789 
3122.457890 
(24,21) 7938.564021 53.201290 
7938.564021 
(24,23) 7481.011699 3.412596 
7481.011699 
