(1,2) 5352.480278 6.001642 
5352.480278 
(1,3) 8169.786444 4.142558 
8169.786444 
(2,1) 5369.786444 6.001663 
5369.786444 
(2,6) 4952.480278 16.944907 
4952.480278 
(3,1) 8152.480278 4.141354 
8152.480278 
(3,4) 16697.149501 4.544086 
16697.149501 
(3,12) 21190.429440 4.403264 
21190.429440 
(4,3) 16620.642996 4.534182 
16620.642996 
(4,5) 20821.798047 11.022235 
20821.798047 
(4,11) 7010.725384 65.910577 
7010.725384 
(5,4) 20831.368380 11.038834 
20831.368380 
(5,6) 9310.409379 11.521582 
9310.409379 
(5,9) 12411.388668 6.779683 
12411.388668 
(6,2) 4969.786444 17.112748 
4969.786444 
(6,5) 9356.648614 11.672119 
9356.648614 
(6,8) 15662.889656 33.356334 
15662.889656 
(7,8) 23447.248817 38.967854 
23447.248817 
(7,18) 26448.844266 9.829730 
26448.844266 
(8,6) 15726.435058 33.868298 
15726.435058 
(8,7) 23348.844266 38.367838 
23348.844266 
(8,9) 10569.737043 38.781673 
10569.737043 
(8,16) 7120.451335 52.586464 
7120.451335 
(9,5) 12374.719766 6.758745 
12374.719766 
(9,8) 10506.405945 38.098039 
10506.405945 
(9,10) 0.000000 9999.000000 
0.000000 
(10,9) 0.000000 9999.000000 
0.000000 
(10,11) 27021.205690 44.983440 
27021.205690 
(10,15) 24320.849376 15.446669 
24320.849376 
(10,16) 13238.635863 37.173913 
13238.635863 
(10,17) 5116.996562 29.170825 
5116.996562 
(11,4) 7024.648545 66.387922 
7024.648545 
(11,10) 26881.464523 44.162731 
26881.464523 
(11,12) 13496.557145 57.430849 
13496.557145 
(11,14) 0.000000 9999.000000 
0.000000 
(12,3) 21249.629779 4.407789 
21249.629779 
(12,11) 13470.739139 57.038441 
13470.739139 
(12,13) 18065.773678 3.106519 
18065.773678 
(13,12) 18199.156011 3.109700 
18199.156011 
(13,24) 15949.239875 61.784508 
15949.239875 
(14,11) 0.000000 9999.000000 
0.000000 
(14,15) 12071.007377 28.035827 
12071.007377 
(14,23) 8599.603803 9.578455 
8599.603803 
(15,10) 24356.657554 15.502427 
24356.657554 
(15,14) 12109.826043 28.333579 
12109.826043 
(15,19) 19346.755478 4.400982 
19346.755478 
(15,22) 18722.885980 9.512789 
18722.885980 
(16,8) 7148.923285 53.352161 
7148.923285 
(16,10) 13230.478599 37.092225 
13230.478599 
(16,17) 12834.082628 12.879369 
12834.082628 
(16,18) 26309.546572 4.437390 
26309.546572 
(17,10) 5129.086815 29.371622 
5129.086815 
(17,16) 12834.455112 12.880632 
12834.455112 
(17,19) 6951.079191 22.693726 
6951.079191 
(18,7) 26547.248817 9.946906 
26547.248817 
(18,16) 26329.488775 4.441753 
26329.488775 
(18,20) 24762.297756 4.751958 
24762.297756 
(19,15) 19315.958595 4.392083 
19315.958595 
(19,17) 6963.541927 22.842534 
6963.541927 
(19,20) 12383.213551 26.526772 
12383.213551 
(20,18) 24780.644509 4.754189 
24780.644509 
(20,19) 12364.879404 26.393658 
12364.879404 
(20,21) 8906.067373 14.638025 
8906.067373 
(20,22) 5517.253794 21.752911 
5517.253794 
(21,20) 8833.861757 14.361283 
8833.861757 
(21,22) 10625.692803 7.111795 
10625.692803 
(21,24) 7146.568280 35.971391 
7146.568280 
(22,15) 18728.309709 9.520339 
18728.309709 
(22,20) 5489.472016 21.418018 
5489.472016 
(22,21) 10596.963840 7.056735 
10596.963840 
(22,23) 12626.227885 28.398646 
12626.227885 
(23,14) 8560.785137 9.478410 
8560.785137 
(23,22) 12575.140871 28.006158 
12575.140871 
(23,24) 12936.053928 14.629432 
12936.053928 
(24,13) 15982.622208 62.269809 
15982.622208 
(24,21) 7103.091628 35.176347 
7103.091628 
(24,23) 12846.148248 14.281976 
12846.148248 
