(1,2) 4000.000000 6.000512 
4000.000000 
(1,3) 12600.000000 3684.661997 
12600.000000 
(2,1) 4000.000000 6.000512 
4000.000000 
(2,6) 0.000000 9999.000000 
0.000000 
(3,1) 12600.000000 3684.661997 
12600.000000 
(3,4) 17706.251570 4.688026 
17706.251570 
(3,12) 11223.878613 4.031740 
11223.878613 
(4,3) 17677.450286 4.683560 
17677.450286 
(4,5) 19866.855878 9.477524 
19866.855878 
(4,11) 6804.543203 59.167665 
6804.543203 
(5,4) 19914.951311 9.550196 
19914.951311 
(5,6) 11162.393922 19.540445 
11162.393922 
(5,9) 13804.461956 48.577186 
13804.461956 
(6,2) 0.000000 9999.000000 
0.000000 
(6,5) 11193.395626 19.713810 
11193.395626 
(6,8) 10162.393922 90.908198 
10162.393922 
(7,8) 12554.339819 5.956123 
12554.339819 
(7,18) 15240.937876 2.863310 
15240.937876 
(8,6) 10193.395626 91.998076 
10193.395626 
(8,7) 12480.644252 5.887320 
12480.644252 
(8,9) 6153.993586 62.918490 
6153.993586 
(8,16) 6262.574079 33.475073 
6262.574079 
(9,5) 13821.555685 48.793430 
13821.555685 
(9,8) 6127.113482 61.999957 
6127.113482 
(9,10) 19863.343923 32.888951 
19863.343923 
(10,9) 19953.557548 33.435650 
19953.557548 
(10,11) 24477.441339 31.923117 
24477.441339 
(10,15) 29780.940388 27.238185 
29780.940388 
(10,16) 15223.988199 62.014628 
15223.988199 
(10,17) 7353.221236 98.279225 
7353.221236 
(11,4) 6827.646486 59.893425 
6827.646486 
(11,10) 24348.969729 31.362320 
24348.969729 
(11,12) 13696.719138 60.550395 
13696.719138 
(11,14) 12157.153097 27.176237 
12157.153097 
(12,3) 11252.679897 4.032067 
11252.679897 
(12,11) 13649.709189 59.805329 
13649.709189 
(12,13) 14582.879555 3.723591 
14582.879555 
(13,12) 14664.670889 3.739962 
14664.670889 
(13,24) 8178.891730 67.936562 
8178.891730 
(14,11) 12198.794718 27.495413 
12198.794718 
(14,15) 6243.183801 31.373891 
6243.183801 
(14,23) 8400.071591 9.078461 
8400.071591 
(15,10) 29860.034412 27.464708 
29860.034412 
(15,14) 6273.189843 31.884592 
6273.189843 
(15,19) 20343.172068 30.402783 
20343.172068 
(15,22) 18394.849825 9.068214 
18394.849825 
(16,8) 6246.760321 33.188549 
6246.760321 
(16,10) 15251.420842 62.433914 
15251.420842 
(16,17) 8574.234108 36.677334 
8574.234108 
(16,18) 9247.412718 36.220718 
9247.412718 
(17,10) 7365.379805 98.877815 
7365.379805 
(17,16) 8561.699566 36.475001 
8561.699566 
(17,19) 8130.682634 40.738053 
8130.682634 
(18,7) 15314.633442 2.880129 
15314.633442 
(18,16) 9271.566145 36.569159 
9271.566145 
(18,20) 18700.405201 4.244587 
18700.405201 
(19,15) 20389.154362 30.651382 
20389.154362 
(19,17) 8130.306659 40.730888 
8130.306659 
(19,20) 13540.367880 36.202335 
13540.367880 
(20,18) 18698.254195 4.244475 
18698.254195 
(20,19) 13585.974200 36.638384 
13585.974200 
(20,21) 11684.960584 31.596439 
11684.960584 
(20,22) 7367.518228 58.270074 
7367.518228 
(21,20) 11647.404303 31.268947 
11647.404303 
(21,22) 0.000000 9999.000000 
0.000000 
(21,24) 7479.137550 42.550607 
7479.137550 
(22,15) 18357.967597 9.019692 
18357.967597 
(22,20) 7348.529822 57.723019 
7348.529822 
(22,21) 0.000000 9999.000000 
0.000000 
(22,23) 13049.456923 31.838189 
13049.456923 
(23,14) 8411.707171 9.106658 
8411.707171 
(23,22) 12993.586289 31.364491 
12993.586289 
(23,24) 13297.542029 16.101393 
13297.542029 
(24,13) 8160.683065 67.369093 
8160.683065 
(24,21) 7441.581270 41.762162 
7441.581270 
(24,23) 13253.306975 15.914691 
13253.306975 
