(1,2) 5028.433825 6.020459 
5028.433825 
(1,3) 8144.802065 4.140823 
8144.802065 
(2,1) 5144.802065 6.022419 
5144.802065 
(2,6) 4455.197935 12.822756 
4455.197935 
(3,1) 8028.433825 4.132945 
8028.433825 
(3,4) 18617.572239 4.840989 
18617.572239 
(3,12) 10976.487657 4.029032 
10976.487657 
(4,3) 18477.065422 4.815887 
18477.065422 
(4,5) 16712.910120 5.744980 
16712.910120 
(4,11) 12104.662119 538.429814 
12104.662119 
(5,4) 16649.878742 5.688804 
16649.878742 
(5,6) 8284.317497 8.714775 
8284.317497 
(5,9) 12038.183214 472.078695 
12038.183214 
(6,2) 4571.566175 13.672650 
4571.566175 
(6,5) 8200.689432 8.527261 
8200.689432 
(6,8) 13429.924840 273.176490 
13429.924840 
(7,8) 0.000000 9999.000000 
0.000000 
(7,18) 12100.000000 2.342974 
12100.000000 
(8,6) 13462.665016 275.830528 
13462.665016 
(8,7) 0.000000 9999.000000 
0.000000 
(8,9) 8557.406222 207.855387 
8557.406222 
(8,16) 12372.518618 438.796262 
12372.518618 
(9,5) 12058.779901 475.283494 
12058.779901 
(9,8) 8559.767297 208.073839 
8559.767297 
(9,10) 27395.589436 111.149328 
27395.589436 
(10,9) 27518.547198 113.104036 
27518.547198 
(10,11) 28006.057663 51.139106 
28006.057663 
(10,15) 30461.480723 29.247048 
30461.480723 
(10,16) 18757.216817 137.689516 
18757.216817 
(10,17) 10453.709809 376.772945 
10453.709809 
(11,4) 12127.186680 542.403907 
12127.186680 
(11,10) 27900.423752 50.446921 
27900.423752 
(11,12) 11315.146000 551.248874 
11315.146000 
(11,14) 12434.570495 29.365215 
12434.570495 
(12,3) 11000.626234 4.029289 
11000.626234 
(12,11) 11294.603587 547.300092 
11294.603587 
(12,13) 13461.402960 3.525389 
13461.402960 
(13,12) 13564.999123 3.541750 
13564.999123 
(13,24) 3732.626240 669.593455 
3732.626240 
(14,11) 12472.003558 29.672035 
12472.003558 
(14,15) 7160.778928 50.644745 
7160.778928 
(14,23) 11913.355112 24.546437 
11913.355112 
(15,10) 30535.562774 29.474020 
30535.562774 
(15,14) 7185.730302 51.284265 
7185.730302 
(15,19) 0.000000 9999.000000 
0.000000 
(15,22) 25266.718751 24.600871 
25266.718751 
(16,8) 12402.897720 443.072499 
12402.897720 
(16,10) 18803.168701 139.004401 
18803.168701 
(16,17) 2728.433795 297.740661 
2728.433795 
(16,18) 22405.156294 46.099642 
22405.156294 
(17,10) 10462.267546 377.981986 
10462.267546 
(17,16) 2728.513740 297.775325 
2728.513740 
(17,19) 10209.218714 98.294122 
10209.218714 
(18,7) 12100.000000 2.342974 
12100.000000 
(18,16) 22481.407334 46.689365 
22481.407334 
(18,20) 17676.379574 7.124088 
17676.379574 
(19,15) 0.000000 9999.000000 
0.000000 
(19,17) 10217.856397 98.620421 
10217.856397 
(19,20) 19609.218714 145.646768 
19609.218714 
(20,18) 17652.630614 7.107332 
17652.630614 
(20,19) 19617.856397 145.896510 
19617.856397 
(20,21) 15557.862523 86.439665 
15557.862523 
(20,22) 9273.803510 138.730352 
9273.803510 
(21,20) 15471.768446 84.673843 
15471.768446 
(21,22) 18818.534386 52.290686 
18818.534386 
(21,24) 6939.328137 32.310064 
6939.328137 
(22,15) 25265.752176 24.597565 
25265.752176 
(22,20) 9244.786309 137.064452 
9244.786309 
(22,21) 18827.875103 52.390609 
18827.875103 
(22,23) 7447.438981 51.251873 
7447.438981 
(23,14) 11925.836802 24.632679 
11925.836802 
(23,22) 7426.795923 50.730150 
7426.795923 
(23,24) 2111.267104 72.416732 
2111.267104 
(24,13) 3736.222403 672.162203 
3736.222403 
(24,21) 6843.893343 30.730647 
6843.893343 
(24,23) 2103.105734 71.334210 
2103.105734 
