(1,2) 8373.515691 6.157319 
8373.515691 
(1,3) 11805.373120 4.621540 
11805.373120 
(2,1) 8405.373120 6.159727 
8405.373120 
(2,6) 7573.515691 70.325371 
7573.515691 
(3,1) 11773.515691 4.614858 
11773.515691 
(3,4) 24843.950491 6.666740 
24843.950491 
(3,12) 24275.125344 4.694506 
24275.125344 
(4,3) 24869.752224 6.677835 
24869.752224 
(4,5) 32077.507003 52.821054 
32077.507003 
(4,11) 5147.190883 23.407355 
5147.190883 
(5,4) 32216.943108 53.710479 
32216.943108 
(5,6) 11516.748476 21.609767 
11516.748476 
(5,9) 27058.909798 648.313145 
27058.909798 
(6,2) 7605.373120 71.431470 
7605.373120 
(6,5) 11552.203169 21.827619 
11552.203169 
(6,8) 16892.112896 680.724626 
16892.112896 
(7,8) 11302.126801 4.941725 
11302.126801 
(7,18) 10908.509502 153.283951 
10908.509502 
(8,6) 16959.425018 691.607859 
16959.425018 
(8,7) 11249.072237 4.905521 
11249.072237 
(8,9) 5915.524471 55.180633 
5915.524471 
(8,16) 9628.556285 164.110205 
9628.556285 
(9,5) 27162.891210 658.258731 
27162.891210 
(9,8) 5885.515626 54.270798 
5885.515626 
(9,10) 30013.956908 158.809612 
30013.956908 
(10,9) 30187.929474 162.453676 
30187.929474 
(10,11) 9120.275324 888.769694 
9120.275324 
(10,15) 32675.096579 36.777354 
32675.096579 
(10,16) 15057.337436 59.515785 
15057.337436 
(10,17) 0.000000 9999.000000 
0.000000 
(11,4) 5133.556512 23.223645 
5133.556512 
(11,10) 9083.684273 874.671888 
9083.684273 
(11,12) 7844.366612 11.868988 
7844.366612 
(11,14) 13253.082808 36.732790 
13253.082808 
(12,3) 24217.466183 4.687931 
24217.466183 
(12,11) 7898.786207 12.033553 
7898.786207 
(12,13) 14807.196222 3.769150 
14807.196222 
(13,12) 14903.956656 3.789453 
14903.956656 
(13,24) 7544.708791 50.295776 
7544.708791 
(14,11) 13248.437790 36.686925 
13248.437790 
(14,15) 4459.746619 874.225414 
4459.746619 
(14,23) 8743.220743 9.960545 
8743.220743 
(15,10) 32767.657836 37.127580 
32767.657836 
(15,14) 4478.844589 889.210460 
4478.844589 
(15,19) 17873.236830 19.327994 
17873.236830 
(15,22) 20997.604321 13.302790 
20997.604321 
(16,8) 9672.822688 167.056423 
9672.822688 
(16,10) 15075.339796 59.781758 
15075.339796 
(16,17) 12136.630671 141.205662 
12136.630671 
(16,18) 12663.252308 5.866072 
12663.252308 
(17,10) 0.000000 9999.000000 
0.000000 
(17,16) 12138.921707 141.310803 
12138.921707 
(17,19) 11261.078293 144.544235 
11261.078293 
(18,7) 10961.564065 156.248627 
10961.564065 
(18,16) 12723.230034 5.920758 
12723.230034 
(18,20) 11090.481151 67.157706 
11090.481151 
(19,15) 17898.565279 19.420745 
17898.565279 
(19,17) 11263.369329 144.660272 
11263.369329 
(19,20) 10516.600358 15.718364 
10516.600358 
(20,18) 11103.513441 67.455093 
11103.513441 
(20,19) 10544.219844 15.841953 
10544.219844 
(20,21) 8815.172185 14.290748 
8815.172185 
(20,22) 5535.973250 21.981434 
5535.973250 
(21,20) 8774.006727 14.136964 
8774.006727 
(21,22) 10914.527427 7.690679 
10914.527427 
(21,24) 1900.644758 897.366585 
1900.644758 
(22,15) 20983.935098 13.275988 
20983.935098 
(22,20) 5517.790485 21.759430 
5517.790485 
(22,21) 10881.299078 7.621696 
10881.299078 
(22,23) 15477.919102 885.538949 
15477.919102 
(23,14) 8719.477756 9.896062 
8719.477756 
(23,22) 15412.838765 870.805696 
15412.838765 
(23,24) 8313.568115 4.154400 
8313.568115 
(24,13) 7541.469225 50.216313 
7541.469225 
(24,21) 1892.707649 882.520375 
1892.707649 
(24,23) 8224.744790 4.063794 
8224.744790 
