(1,2) 5945.798936 6.039994 
5945.798936 
(1,3) 9287.427037 4.238085 
9287.427037 
(2,1) 5887.427037 6.038446 
5887.427037 
(2,6) 5838.822713 28.077721 
5838.822713 
(3,1) 9345.798936 4.244127 
9345.798936 
(3,4) 11205.822806 22.503689 
11205.822806 
(3,12) 10039.083688 4.020315 
10039.083688 
(4,3) 11167.815804 22.253926 
11167.815804 
(4,5) 16147.435463 5.263288 
16147.435463 
(4,11) 5658.387343 31.422741 
5658.387343 
(5,4) 16101.252150 5.226115 
16101.252150 
(5,6) 9009.339422 10.594864 
9009.339422 
(5,9) 13131.119818 40.676998 
13131.119818 
(6,2) 5780.450814 27.168617 
5780.450814 
(6,5) 8794.296115 9.987402 
8794.296115 
(6,8) 12755.138358 222.647190 
12755.138358 
(7,8) 16457.749756 11.730292 
16457.749756 
(7,18) 19091.797006 4.125726 
19091.797006 
(8,6) 12481.723151 204.327953 
12481.723151 
(8,7) 16869.482807 12.637270 
16869.482807 
(8,9) 8138.192618 171.841966 
8138.192618 
(8,16) 5375.878159 20.461478 
5375.878159 
(9,5) 13299.979813 42.547859 
13299.979813 
(9,8) 8390.222608 192.840845 
8390.222608 
(9,10) 18818.583011 27.079580 
18818.583011 
(10,9) 19339.472996 29.858377 
19339.472996 
(10,11) 26952.334393 44.577359 
26952.334393 
(10,15) 31456.298526 32.435908 
31456.298526 
(10,16) 6421.039404 227.948136 
6421.039404 
(10,17) 2625.821858 255.071930 
2625.821858 
(11,4) 5766.563655 33.423321 
5766.563655 
(11,10) 26442.641370 41.667441 
26442.641370 
(11,12) 13111.143016 51.802999 
13111.143016 
(11,14) 12774.627722 32.255851 
12774.627722 
(12,3) 10135.462588 4.021106 
10135.462588 
(12,11) 12978.502957 49.977456 
12978.502957 
(12,13) 12875.680427 3.439745 
12875.680427 
(13,12) 12939.419269 3.448517 
12939.419269 
(13,24) 8076.851524 64.805076 
8076.851524 
(14,11) 12605.751070 30.791084 
12605.751070 
(14,15) 6839.833433 42.995470 
6839.833433 
(14,23) 9925.444484 13.899198 
9925.444484 
(15,10) 30533.352907 29.467226 
30533.352907 
(15,14) 6902.180434 44.399885 
6902.180434 
(15,19) 28300.757475 105.638955 
28300.757475 
(15,22) 15745.946203 6.257999 
15745.946203 
(16,8) 5262.166013 19.194220 
5262.166013 
(16,10) 8328.063398 202.741575 
8328.063398 
(16,17) 10101.721701 68.810690 
10101.721701 
(16,18) 20362.184515 3.515726 
20362.184515 
(17,10) 2572.326491 235.544704 
2572.326491 
(17,16) 10303.311123 74.305546 
10303.311123 
(17,19) 10524.362386 110.745908 
10524.362386 
(18,7) 18680.063955 3.948199 
18680.063955 
(18,16) 21953.906940 3.696897 
21953.906940 
(18,20) 21655.331956 11.037353 
21655.331956 
(19,15) 27561.858335 95.332367 
27561.858335 
(19,17) 10672.456441 116.997212 
10672.456441 
(19,20) 16828.301034 80.829251 
16828.301034 
(20,18) 22735.321330 12.549769 
22735.321330 
(20,19) 16237.495948 70.595017 
16237.495948 
(20,21) 12185.520709 36.272404 
12185.520709 
(20,22) 4786.971656 172.185382 
4786.971656 
(21,20) 12435.213867 38.830959 
12435.213867 
(21,22) 0.000000 9999.000000 
0.000000 
(21,24) 10330.864351 146.977196 
10330.864351 
(22,15) 15524.246725 6.078350 
15524.246725 
(22,20) 4926.462788 192.540774 
4926.462788 
(22,21) 0.000000 9999.000000 
0.000000 
(22,23) 7478.261501 52.038983 
7478.261501 
(23,14) 9694.220831 13.008486 
9694.220831 
(23,22) 7396.053154 49.961195 
7396.053154 
(23,24) 13103.705984 15.296983 
13103.705984 
(24,13) 8040.590366 63.720466 
8040.590366 
(24,21) 10580.557508 161.409521 
10580.557508 
(24,23) 12790.273985 14.069685 
12790.273985 
