(1,2) 6774.329182 6.067393 
6774.329182 
(1,3) 9795.418290 4.294606 
9795.418290 
(2,1) 6795.418290 6.068236 
6795.418290 
(2,6) 6379.439447 37.886817 
6379.439447 
(3,1) 9774.329182 4.292077 
9774.329182 
(3,4) 9424.665411 4.055228 
9424.665411 
(3,12) 10612.764094 4.025371 
10612.764094 
(4,3) 9364.509358 4.053832 
9364.509358 
(4,5) 9440.375648 32.994121 
9440.375648 
(4,11) 10176.718013 272.000617 
10176.718013 
(5,4) 9469.294365 33.375647 
9469.294365 
(5,6) 9208.277973 11.196938 
9208.277973 
(5,9) 5537.207940 318.647952 
5537.207940 
(6,2) 6400.528556 38.323846 
6400.528556 
(6,5) 9227.483098 11.257167 
9227.483098 
(6,8) 14582.607155 378.962728 
14582.607155 
(7,8) 19502.190794 20.213951 
19502.190794 
(7,18) 23723.072795 7.067617 
23723.072795 
(8,6) 14622.901389 383.146478 
14622.901389 
(8,7) 19444.753095 20.012052 
19444.753095 
(8,9) 2659.534360 128.021447 
2659.534360 
(8,16) 0.000000 9999.000000 
0.000000 
(9,5) 5546.921532 320.854605 
5546.921532 
(9,8) 2642.390894 125.007660 
2642.390894 
(9,10) 17090.932528 19.381900 
17090.932528 
(10,9) 17183.502655 19.739713 
17183.502655 
(10,11) 30485.256845 69.776980 
30485.256845 
(10,15) 20211.000484 100.151768 
20211.000484 
(10,16) 17846.464326 113.555077 
17846.464326 
(10,17) 7900.000000 128.277850 
7900.000000 
(11,4) 10187.643243 273.144719 
10187.643243 
(11,10) 30359.767807 68.716960 
30359.767807 
(11,12) 20375.836337 273.173557 
20375.836337 
(11,14) 17353.465270 100.218865 
17353.465270 
(12,3) 10651.831039 4.025747 
10651.831039 
(12,11) 20339.395020 271.267364 
20339.395020 
(12,13) 13736.788315 3.569719 
13736.788315 
(13,12) 13839.413943 3.586936 
13839.413943 
(13,24) 1964.071871 388.493556 
1964.071871 
(14,11) 17375.342778 100.704995 
17375.342778 
(14,15) 7781.475209 68.649863 
7781.475209 
(14,23) 10270.880981 15.350917 
10270.880981 
(15,10) 20249.683645 100.874653 
20249.683645 
(15,14) 7821.584689 69.972373 
7821.584689 
(15,19) 7501.011953 47.663531 
7501.011953 
(15,22) 21943.793651 15.289175 
21943.793651 
(16,8) 0.000000 9999.000000 
0.000000 
(16,10) 17925.840329 115.517198 
17925.840329 
(16,17) 7925.730095 27.317538 
7925.730095 
(16,18) 27753.004376 4.779759 
27753.004376 
(17,10) 7900.000000 128.277850 
7900.000000 
(17,16) 7926.199237 27.323533 
7926.199237 
(17,19) 7573.800763 31.166563 
7573.800763 
(18,7) 23780.510495 7.116873 
23780.510495 
(18,16) 27831.911237 4.800087 
27831.911237 
(18,20) 23797.661612 14.263302 
23797.661612 
(19,15) 7512.317744 47.933414 
7512.317744 
(19,17) 7574.269905 31.173790 
7574.269905 
(19,20) 10403.330338 15.221607 
10403.330338 
(20,18) 23834.006173 14.326144 
23834.006173 
(20,19) 10415.105270 15.272498 
10415.105270 
(20,21) 12795.708609 42.806787 
12795.708609 
(20,22) 6983.697569 48.007096 
6983.697569 
(21,20) 12760.181310 42.399710 
12760.181310 
(21,22) 9433.625460 5.175842 
9433.625460 
(21,24) 8529.457714 69.901023 
8529.457714 
(22,15) 21911.280501 15.216503 
21911.280501 
(22,20) 6967.344361 47.605683 
6967.344361 
(22,21) 9441.114657 5.185939 
9441.114657 
(22,23) 8093.877831 69.920091 
8093.877831 
(23,14) 10252.649010 15.270535 
10252.649010 
(23,22) 8052.500671 68.582417 
8052.500671 
(23,24) 9182.278338 5.206110 
9182.278338 
(24,13) 1966.697500 390.553691 
1966.697500 
(24,21) 8486.441218 68.561594 
8486.441218 
(24,23) 9122.669206 5.123664 
9122.669206 
