(1,2) 3815.305139 7.575550 
3815.305139 
(1,3) 9606.441715 4.272521 
9606.441715 
(2,1) 3125.480737 6.709549 
3125.480737 
(2,6) 2993.558285 611.361115 
2993.558285 
(3,1) 10296.266117 4.359641 
10296.266117 
(3,4) 12047.749132 4.147476 
12047.749132 
(3,12) 13734.741643 4.071172 
13734.741643 
(4,3) 14537.237272 4.312626 
14537.237272 
(4,5) 15489.605644 4.763139 
15489.605644 
(4,11) 2858.143488 71.254037 
2858.143488 
(5,4) 18322.628629 7.409939 
18322.628629 
(5,6) 4037.337806 605.681051 
4037.337806 
(5,9) 15552.267838 75.203078 
15552.267838 
(6,2) 2303.733883 217.671703 
2303.733883 
(6,5) 8722.859487 208.299046 
8722.859487 
(6,8) 7430.896092 27.416893 
7430.896092 
(7,8) 17323.692759 373.965660 
17323.692759 
(7,18) 17575.181197 3.526579 
17575.181197 
(8,6) 11426.593370 144.110051 
11426.593370 
(8,7) 15415.604636 235.602336 
15415.604636 
(8,9) 9458.221749 305.268592 
9458.221749 
(8,16) 4154.282349 242.684977 
4154.282349 
(9,5) 13699.769142 47.270194 
13699.769142 
(9,8) 11038.990894 557.894305 
11038.990894 
(9,10) 19577.849323 31.207276 
19577.849323 
(10,9) 19406.119772 30.230528 
19406.119772 
(10,11) 24769.836125 33.232790 
24769.836125 
(10,15) 32367.231395 616.870005 
32367.231395 
(10,16) 4609.100105 816.421746 
4609.100105 
(10,17) 12403.386976 738.867190 
12403.386976 
(11,4) 2614.608643 51.698090 
2614.608643 
(11,10) 26120.057582 39.910638 
26120.057582 
(11,12) 13123.075589 51.969970 
13123.075589 
(11,14) 0.000000 9999.000000 
0.000000 
(12,3) 11935.077906 4.040582 
11935.077906 
(12,11) 14329.762201 71.356326 
14329.762201 
(12,13) 18250.394539 4.775044 
18250.394539 
(13,12) 17757.417413 4.590887 
17757.417413 
(13,24) 14650.394539 662.216437 
14650.394539 
(14,11) 0.000000 9999.000000 
0.000000 
(14,15) 14100.000000 691.161224 
14100.000000 
(14,23) 0.000000 9999.000000 
0.000000 
(15,10) 31363.817469 544.570127 
31363.817469 
(15,14) 14100.000000 691.161224 
14100.000000 
(15,19) 14087.725417 168.466035 
14087.725417 
(15,22) 26311.342839 28.400831 
26311.342839 
(16,8) 4661.122361 381.686198 
4661.122361 
(16,10) 4444.450302 706.407587 
4444.450302 
(16,17) 10101.422286 68.802769 
10101.422286 
(16,18) 19285.845534 3.415027 
19285.845534 
(17,10) 11949.499697 637.616617 
11949.499697 
(17,16) 10417.153369 77.554544 
10417.153369 
(17,19) 8786.233607 54.825149 
8786.233607 
(18,7) 19483.269319 4.305512 
19483.269319 
(18,16) 19312.304660 3.417309 
19312.304660 
(18,20) 20064.662437 4.324159 
20064.662437 
(19,15) 13544.252383 144.372682 
13544.252383 
(19,17) 8648.077411 51.580171 
8648.077411 
(19,20) 12864.983633 30.242334 
12864.983633 
(20,18) 21899.209685 4.459985 
21899.209685 
(20,19) 12183.354403 25.107316 
12183.354403 
(20,21) 11627.137772 31.093533 
11627.137772 
(20,22) 9349.844727 143.170720 
9349.844727 
(21,20) 12253.432614 36.952919 
12253.432614 
(21,22) 5140.680392 112.077187 
5140.680392 
(21,24) 10286.457380 144.517581 
10286.457380 
(22,15) 25751.401947 26.306625 
25751.401947 
(22,20) 9776.467903 170.168164 
9776.467903 
(22,21) 5371.792800 133.247766 
5371.792800 
(22,23) 14349.495875 44.702193 
14349.495875 
(23,14) 0.000000 9999.000000 
0.000000 
(23,22) 14447.290568 45.823162 
14447.290568 
(23,24) 11899.093382 11.041324 
11899.093382 
(24,13) 14057.417413 561.947845 
14057.417413 
(24,21) 10681.639814 167.550343 
10681.639814 
(24,23) 11996.888074 11.342239 
11996.888074 
