(1,2) 3495.729040 6.004779 
3495.729040 
(1,3) 11068.072027 4.480217 
11068.072027 
(2,1) 3498.311569 6.004793 
3498.311569 
(2,6) 1531.927973 14.581474 
1531.927973 
(3,1) 11065.489497 4.479769 
11065.489497 
(3,4) 15088.752000 4.362837 
15088.752000 
(3,12) 6996.032991 4.866626 
6996.032991 
(4,3) 15050.999394 4.359219 
15050.999394 
(4,5) 15924.173664 5.086518 
15924.173664 
(4,11) 7364.578335 78.953012 
7364.578335 
(5,4) 15974.019272 5.125346 
15974.019272 
(5,6) 7180.357768 6.660838 
7180.357768 
(5,9) 16974.408772 104.623059 
16974.408772 
(6,2) 1534.510503 14.646247 
1534.510503 
(6,5) 7194.604437 6.682018 
7194.604437 
(6,8) 4781.692865 282.205317 
4781.692865 
(7,8) 10395.263517 4.389597 
10395.263517 
(7,18) 17202.097052 3.401024 
17202.097052 
(8,6) 4798.522065 286.170929 
4798.522065 
(8,7) 10372.767221 4.377607 
10372.767221 
(8,9) 1810.180041 187.865993 
1810.180041 
(8,16) 4294.806901 11.298366 
4294.806901 
(9,5) 17010.007710 105.461414 
17010.007710 
(9,8) 1802.594221 184.903190 
1802.594221 
(9,10) 23571.814551 62.275236 
23571.814551 
(10,9) 23699.827669 63.573404 
23699.827669 
(10,11) 33074.028936 94.744878 
33074.028936 
(10,15) 29466.354781 26.354921 
29466.354781 
(10,16) 18113.990758 120.273387 
18113.990758 
(10,17) 7598.302581 110.930392 
7598.302581 
(11,4) 7376.980122 79.445659 
7376.980122 
(11,10) 32906.833570 92.943884 
32906.833570 
(11,12) 14725.313463 78.876900 
14725.313463 
(11,14) 11958.507752 25.698182 
11958.507752 
(12,3) 7031.203067 4.884184 
7031.203067 
(12,11) 14700.762986 78.392104 
14700.762986 
(12,13) 14933.333430 3.795696 
14933.333430 
(13,12) 15043.953029 3.819536 
15043.953029 
(13,24) 8778.557041 88.852371 
8778.557041 
(14,11) 11928.264649 25.479514 
11928.264649 
(14,15) 9023.668959 120.101859 
9023.668959 
(14,23) 10029.869479 14.322415 
10029.869479 
(15,10) 29585.476306 26.686072 
29585.476306 
(15,14) 9058.134128 121.870448 
9058.134128 
(15,19) 23232.245994 49.610609 
23232.245994 
(15,22) 19398.146476 10.504414 
19398.146476 
(16,8) 4296.725625 11.309629 
4296.725625 
(16,10) 18173.066216 121.797640 
18173.066216 
(16,17) 7992.518360 28.181765 
7992.518360 
(16,18) 20321.980114 3.511665 
20321.980114 
(17,10) 7615.314084 111.855278 
7615.314084 
(17,16) 7967.112910 27.850458 
7967.112910 
(17,19) 7817.573006 35.106825 
7817.573006 
(18,7) 17224.593347 3.408367 
17224.593347 
(18,16) 20408.379745 3.520422 
20408.379745 
(18,20) 20085.344589 9.207954 
20085.344589 
(19,15) 23286.072145 50.044075 
23286.072145 
(19,17) 7809.179058 34.964863 
7809.179058 
(19,20) 13823.066936 38.977048 
13823.066936 
(20,18) 20094.240516 9.217187 
20094.240516 
(20,19) 13868.499139 39.439156 
13868.499139 
(20,21) 14516.845450 66.976087 
14516.845450 
(20,22) 0.000000 9999.000000 
0.000000 
(21,20) 14471.173581 66.212346 
14471.173581 
(21,22) 12567.461441 12.003100 
12567.461441 
(21,24) 10006.550873 129.731538 
10006.550873 
(22,15) 19397.907018 10.504044 
19397.907018 
(22,20) 0.000000 9999.000000 
0.000000 
(22,21) 12563.587101 11.990771 
12563.587101 
(22,23) 1152.756288 146.693281 
1152.756288 
(23,14) 9965.161207 14.058599 
9965.161207 
(23,22) 1148.642491 144.667262 
1148.642491 
(23,24) 9099.423902 5.091948 
9099.423902 
(24,13) 8789.176640 89.263707 
8789.176640 
(24,21) 9964.753344 127.627329 
9964.753344 
(24,23) 9030.601832 4.999462 
9030.601832 
