(1,2) 5700.000000 6.002111 
5700.000000 
(1,3) 7590.434719 4.106223 
7590.434719 
(2,1) 5190.434719 6.001452 
5190.434719 
(2,6) 5009.565281 17.505237 
5009.565281 
(3,1) 8100.000000 4.137750 
8100.000000 
(3,4) 14097.247572 4.276462 
14097.247572 
(3,12) 7048.390545 4.004936 
7048.390545 
(4,3) 10078.646068 4.072228 
10078.646068 
(4,5) 19094.472878 8.380753 
19094.472878 
(4,11) 6942.044174 63.597174 
6942.044174 
(5,4) 16500.000000 5.557763 
16500.000000 
(5,6) 9528.718489 12.252244 
9528.718489 
(5,9) 13765.989998 48.093428 
13765.989998 
(6,2) 4500.000000 13.142201 
4500.000000 
(6,5) 8985.257222 10.524634 
8985.257222 
(6,8) 13898.778682 313.074394 
13898.778682 
(7,8) 17422.924884 13.965570 
17422.924884 
(7,18) 22717.590087 6.261564 
22717.590087 
(8,6) 12845.752135 228.984320 
12845.752135 
(8,7) 18817.590087 17.921173 
18817.590087 
(8,9) 8600.882025 211.906941 
8600.882025 
(8,16) 6037.113487 29.590689 
6037.113487 
(9,5) 11714.978385 27.602018 
11714.978385 
(9,8) 9225.592455 277.273775 
9225.592455 
(9,10) 18310.065105 24.580464 
18310.065105 
(10,9) 16983.763923 18.974858 
16983.763923 
(10,11) 22386.634128 23.837205 
22386.634128 
(10,15) 0.000000 9999.000000 
0.000000 
(10,16) 22530.716355 282.306760 
22530.716355 
(10,17) 10154.477789 336.327808 
10154.477789 
(11,4) 5617.915548 30.703160 
5617.915548 
(11,10) 22903.812582 25.639178 
22903.812582 
(11,12) 11221.353932 30.576087 
11221.353932 
(11,14) 26090.434719 495.632569 
26090.434719 
(12,3) 11576.557330 4.035921 
11576.557330 
(12,11) 13893.187147 63.748305 
13893.187147 
(12,13) 0.000000 9999.000000 
0.000000 
(13,12) 7300.000000 5.583488 
7300.000000 
(13,24) 7300.000000 44.575407 
7300.000000 
(14,11) 22711.651332 286.299581 
22711.651332 
(14,15) 9860.903098 169.140777 
9860.903098 
(14,23) 17929.531621 109.408577 
17929.531621 
(15,10) 0.000000 9999.000000 
0.000000 
(15,14) 9988.173803 177.780245 
9988.173803 
(15,19) 5039.967988 307.528849 
5039.967988 
(15,22) 18546.005567 9.270143 
18546.005567 
(16,8) 5754.041712 25.292958 
5754.041712 
(16,10) 21089.633943 217.648536 
21089.633943 
(16,17) 10319.519715 74.761609 
10319.519715 
(16,18) 31723.895045 6.038556 
31723.895045 
(17,10) 9652.080565 276.016200 
9652.080565 
(17,16) 10400.952234 77.085619 
10400.952234 
(17,19) 7253.289948 26.534087 
7253.289948 
(18,7) 21322.924884 5.307555 
21322.924884 
(18,16) 29918.308339 5.403640 
29918.308339 
(18,20) 40756.275333 9.518334 
40756.275333 
(19,15) 5473.822649 426.721223 
5473.822649 
(19,17) 6832.325242 21.315408 
6832.325242 
(19,20) 7273.144552 66.341945 
7273.144552 
(20,18) 37456.023425 7.936558 
37456.023425 
(20,19) 7286.034508 66.785067 
7286.034508 
(20,21) 22418.678526 352.825144 
22418.678526 
(20,22) 11917.064106 369.649421 
11917.064106 
(21,20) 20164.079018 232.978175 
20164.079018 
(21,22) 13869.772792 16.839585 
13869.772792 
(21,24) 10353.707444 148.254846 
10353.707444 
(22,15) 18139.421612 8.738120 
18139.421612 
(22,20) 10784.301661 249.549363 
10784.301661 
(22,21) 13806.624143 16.571169 
13806.624143 
(22,23) 9669.770085 138.293752 
9669.770085 
(23,14) 14423.477529 48.144856 
14423.477529 
(23,22) 8067.275036 69.057695 
8067.275036 
(23,24) 15270.820747 26.525962 
15270.820747 
(24,13) 14500.000000 635.601933 
14500.000000 
(24,21) 8162.256585 59.103253 
8162.256585 
(24,23) 10162.271605 6.809941 
10162.271605 
