(1,2) 7848.345039 6.121412 
7848.345039 
(1,3) 11271.172317 4.516448 
11271.172317 
(2,1) 7871.172317 6.122831 
7871.172317 
(2,6) 7048.345039 54.004999 
7048.345039 
(3,1) 11248.345039 4.512277 
11248.345039 
(3,4) 13358.782220 4.222928 
13358.782220 
(3,12) 10192.993767 4.021589 
10192.993767 
(4,3) 13321.821450 4.220472 
13321.821450 
(4,5) 15162.126243 4.536773 
15162.126243 
(4,11) 6103.389358 40.414066 
6103.389358 
(5,4) 15211.593528 4.570041 
15211.593528 
(5,6) 7061.057695 55.878987 
7061.057695 
(5,9) 14601.068548 59.540587 
14601.068548 
(6,2) 7071.172317 54.642935 
7071.172317 
(6,5) 7082.197549 56.503057 
7082.197549 
(6,8) 11909.402734 169.694042 
11909.402734 
(7,8) 14914.452375 8.888114 
14914.452375 
(7,18) 17968.445738 3.667869 
17968.445738 
(8,6) 11953.369866 172.184161 
11953.369866 
(8,7) 14868.445738 8.815797 
14868.445738 
(8,9) 2933.945821 168.662970 
2933.945821 
(8,16) 5864.138196 26.891228 
5864.138196 
(9,5) 14629.395979 59.965075 
14629.395979 
(9,8) 2923.181200 166.347221 
2923.181200 
(9,10) 19074.937943 28.418725 
19074.937943 
(10,9) 19192.500753 29.051186 
19192.500753 
(10,11) 28264.379270 52.865111 
28264.379270 
(10,15) 39135.372145 69.334688 
39135.372145 
(10,16) 19657.699223 165.270339 
19657.699223 
(10,17) 0.000000 9999.000000 
0.000000 
(11,4) 6116.961304 40.721191 
6116.961304 
(11,10) 28145.687564 52.066154 
28145.687564 
(11,12) 12822.530287 47.901217 
12822.530287 
(11,14) 10424.887680 16.531438 
10424.887680 
(12,3) 10207.127259 4.021709 
10207.127259 
(12,11) 12812.366498 47.768522 
12812.366498 
(12,13) 15757.433522 3.986420 
15757.433522 
(13,12) 15861.403226 4.012713 
15861.403226 
(13,24) 9357.433522 113.546484 
9357.433522 
(14,11) 10429.931708 16.555709 
10429.931708 
(14,15) 3476.278711 138.057103 
3476.278711 
(14,23) 2813.078325 144.214150 
2813.078325 
(15,10) 39228.386671 69.938958 
39228.386671 
(15,14) 3488.190646 139.335283 
3488.190646 
(15,19) 14682.724613 554.160098 
14682.724613 
(15,22) 25702.517718 26.130155 
25702.517718 
(16,8) 5872.863311 27.021805 
5872.863311 
(16,10) 19700.939214 166.693979 
19700.939214 
(16,17) 8653.852235 879.689583 
8653.852235 
(16,18) 18878.437436 14.448674 
18878.437436 
(17,10) 0.000000 9999.000000 
0.000000 
(17,16) 8652.239961 879.035687 
8652.239961 
(17,19) 14747.760039 421.308820 
14747.760039 
(18,7) 18014.452375 3.685017 
18014.452375 
(18,16) 18932.014816 14.579195 
18932.014816 
(18,20) 10963.985060 188.336221 
10963.985060 
(19,15) 14684.774665 554.467982 
14684.774665 
(19,17) 14746.147765 421.125489 
14746.147765 
(19,20) 9462.985374 521.835903 
9462.985374 
(20,18) 10963.569078 188.308247 
10963.569078 
(20,19) 9463.423152 521.931734 
9463.423152 
(20,21) 13524.226840 51.932525 
13524.226840 
(20,22) 7402.743595 59.296177 
7402.743595 
(21,20) 13453.313575 50.976701 
13453.313575 
(21,22) 10839.823250 7.536473 
10839.823250 
(21,24) 8585.086013 71.663459 
8585.086013 
(22,15) 25705.394126 26.140511 
25705.394126 
(22,20) 7373.678655 58.448467 
7373.678655 
(22,21) 10814.056404 7.484018 
10814.056404 
(22,23) 8179.578226 72.756673 
8179.578226 
(23,14) 2806.210419 142.849870 
2806.210419 
(23,22) 8127.622849 71.026322 
8127.622849 
(23,24) 9926.682522 6.379183 
9926.682522 
(24,13) 9361.403226 113.732494 
9361.403226 
(24,21) 8539.939594 70.230489 
8539.939594 
(24,23) 9867.859238 6.276302 
9867.859238 
