(1,2) 20738.449179 121.474946 
20738.449179 
(1,3) 19674.284451 8.794527 
19674.284451 
(2,1) 20841.764739 123.793308 
20841.764739 
(2,6) 22538.449179 5128.749438 
22538.449179 
(3,1) 19570.968891 8.694607 
19570.968891 
(3,4) 9724.395242 4.062596 
9724.395242 
(3,12) 15258.715197 4.108418 
15258.715197 
(4,3) 9597.876307 4.059402 
9597.876307 
(4,5) 0.000000 9999.000000 
0.000000 
(4,11) 6725.606692 56.743164 
6725.606692 
(5,4) 0.000000 9999.000000 
0.000000 
(5,6) 19974.811664 163.354690 
19974.811664 
(5,9) 21612.398345 266.814141 
21612.398345 
(6,2) 22641.764739 5223.345841 
22641.764739 
(6,5) 19912.398345 161.372326 
19912.398345 
(6,8) 5226.050834 1737.156588 
5226.050834 
(7,8) 18629.339848 17.332991 
18629.339848 
(7,18) 21813.371536 5.622523 
21813.371536 
(8,6) 5266.953074 1792.119200 
5266.953074 
(8,7) 18478.289675 16.873756 
18478.289675 
(8,9) 13827.793208 1358.934276 
13827.793208 
(8,16) 5887.838991 27.247286 
5887.838991 
(9,5) 21674.811664 269.851585 
21674.811664 
(9,8) 13697.930761 1308.970093 
13697.930761 
(9,10) 10914.467584 1357.298895 
10914.467584 
(10,9) 10947.018456 1373.527341 
10947.018456 
(10,11) 18428.782205 7085.938964 
18428.782205 
(10,15) 25298.568125 17.059807 
25298.568125 
(10,16) 18189.570500 122.226146 
18189.570500 
(10,17) 6568.147974 65.471033 
6568.147974 
(11,4) 6699.087756 55.947568 
6699.087756 
(11,10) 18351.259346 6967.541428 
18351.259346 
(11,12) 13394.769775 55.896802 
13394.769775 
(11,14) 7520.410477 546.821520 
7520.410477 
(12,3) 15281.918572 4.109079 
15281.918572 
(12,11) 13350.643232 55.242542 
13350.643232 
(12,13) 12359.119641 121.463153 
12359.119641 
(13,12) 12438.196474 124.524206 
12438.196474 
(13,24) 13289.880999 449.713522 
13289.880999 
(14,11) 7560.495226 558.487612 
7560.495226 
(14,15) 4174.554087 6683.533032 
4174.554087 
(14,23) 9324.346933 11.710346 
9324.346933 
(15,10) 25242.673371 16.962388 
25242.673371 
(15,14) 4192.118918 6796.646671 
4192.118918 
(15,19) 14629.261024 10.328406 
14629.261024 
(15,22) 13175.451550 248.150482 
13175.451550 
(16,8) 5907.553506 27.546752 
5907.553506 
(16,10) 18287.394550 124.790032 
18287.394550 
(16,17) 11427.939064 111.429904 
11427.939064 
(16,18) 27684.404587 4.762228 
27684.404587 
(17,10) 6536.292408 64.364179 
6536.292408 
(17,16) 11502.387593 114.309462 
11502.387593 
(17,19) 7945.032232 37.319325 
7945.032232 
(18,7) 21964.421709 5.723909 
21964.421709 
(18,16) 27727.494623 4.773225 
27727.494623 
(18,20) 24727.551352 15.963946 
24727.551352 
(19,15) 14587.423382 10.244932 
14587.423382 
(19,17) 7987.625196 38.082819 
7987.625196 
(19,20) 3690.769463 140.450958 
3690.769463 
(20,18) 24821.691561 16.147180 
24821.691561 
(20,19) 3691.524784 140.562691 
3691.524784 
(20,21) 17249.870619 127.566498 
17249.870619 
(20,22) 3712.011970 159.527120 
3712.011970 
(21,20) 17245.661167 127.447879 
17245.661167 
(21,22) 16532.997772 31.960620 
16532.997772 
(21,24) 0.000000 9999.000000 
0.000000 
(22,15) 13078.959269 241.047413 
13078.959269 
(22,20) 3711.116953 159.378139 
3711.116953 
(22,21) 16528.788320 31.930119 
16528.788320 
(22,23) 25537.334139 6536.711086 
25537.334139 
(23,14) 9346.866851 11.785104 
9346.866851 
(23,22) 25435.737388 6433.371866 
25435.737388 
(23,24) 17329.295870 42.672438 
17329.295870 
(24,13) 13268.957831 446.913275 
13268.957831 
(24,21) 0.000000 9999.000000 
0.000000 
(24,23) 17250.219037 41.935120 
17250.219037 
