(1,2) 4874.870328 6.018072 
4874.870328 
(1,3) 7725.129672 4.113965 
7725.129672 
(2,1) 4969.225689 6.019512 
4969.225689 
(2,6) 4874.870328 16.213574 
4874.870328 
(3,1) 7630.774311 4.108499 
7630.774311 
(3,4) 13986.264175 4.267858 
13986.264175 
(3,12) 10751.447468 4.026724 
10751.447468 
(4,3) 13859.840886 4.258304 
13859.840886 
(4,5) 13296.780847 3.500470 
13296.780847 
(4,11) 12582.043958 627.521953 
12582.043958 
(5,4) 13242.789659 3.476247 
13242.789659 
(5,6) 10718.920088 17.214119 
10718.920088 
(5,9) 0.000000 9999.000000 
0.000000 
(6,2) 4969.225689 17.107282 
4969.225689 
(6,5) 10664.928900 16.949886 
10664.928900 
(6,8) 16824.576803 669.935155 
16824.576803 
(7,8) 16425.487211 11.662036 
16425.487211 
(7,18) 19463.133800 4.295996 
19463.133800 
(8,6) 16864.940975 676.368084 
16864.940975 
(8,7) 16363.133800 11.531254 
16363.133800 
(8,9) 5490.977935 43.541160 
5490.977935 
(8,16) 5270.465067 19.283976 
5270.465067 
(9,5) 0.000000 9999.000000 
0.000000 
(9,8) 5440.074967 42.314603 
5440.074967 
(9,10) 16068.838695 15.800861 
16068.838695 
(10,9) 16117.935726 15.958028 
16117.935726 
(10,11) 31868.267748 82.356194 
31868.267748 
(10,15) 22916.276005 13.446290 
22916.276005 
(10,16) 13585.049181 40.784818 
13585.049181 
(10,17) 6323.095761 57.362407 
6323.095761 
(11,4) 12609.611858 632.987027 
12609.611858 
(11,10) 31749.523471 81.209675 
31749.523471 
(11,12) 10679.486988 633.327831 
10679.486988 
(11,14) 9168.283890 11.496656 
9168.283890 
(12,3) 10783.515395 4.027044 
10783.515395 
(12,11) 10655.659200 627.747832 
10655.659200 
(12,13) 14625.437817 3.732075 
14625.437817 
(13,12) 14733.677956 3.753988 
14733.677956 
(13,24) 12537.720040 357.057721 
12537.720040 
(14,11) 9200.935302 11.604021 
9200.935302 
(14,15) 8188.179686 83.036751 
8188.179686 
(14,23) 0.000000 9999.000000 
0.000000 
(15,10) 22980.044395 13.529519 
22980.044395 
(15,14) 8220.831098 84.288942 
8220.831098 
(15,19) 16308.715653 14.318765 
16308.715653 
(15,22) 24489.542049 22.063319 
24489.542049 
(16,8) 5299.378797 19.600011 
5299.378797 
(16,10) 13594.605721 40.888434 
13594.605721 
(16,17) 9218.406072 48.332709 
9218.406072 
(16,18) 21255.105930 3.612314 
21255.105930 
(17,10) 6317.612139 57.191394 
6317.612139 
(17,16) 9231.482362 48.596160 
9231.482362 
(17,19) 7850.905499 35.675089 
7850.905499 
(18,7) 19525.487211 4.325560 
19525.487211 
(18,16) 21280.499910 3.615246 
21280.499910 
(18,20) 20739.096790 9.919831 
20739.096790 
(19,15) 16328.370725 14.373428 
16328.370725 
(19,17) 7858.498166 35.805547 
7858.498166 
(19,20) 12364.752596 26.392740 
12364.752596 
(20,18) 20726.844181 9.905854 
20726.844181 
(20,19) 12392.000336 26.590777 
12392.000336 
(20,21) 9130.278058 15.541278 
9130.278058 
(20,22) 5326.140072 19.549523 
5326.140072 
(21,20) 9055.901457 15.234158 
9055.901457 
(21,22) 9673.146826 5.510876 
9673.146826 
(21,24) 12777.902022 339.965384 
12777.902022 
(22,15) 24466.306778 21.991075 
24466.306778 
(22,20) 5315.511805 19.433737 
5315.511805 
(22,21) 9654.597995 5.484024 
9654.597995 
(22,23) 12168.058157 340.725745 
12168.058157 
(23,14) 0.000000 9999.000000 
0.000000 
(23,22) 12115.645788 334.961508 
12115.645788 
(23,24) 8819.432249 4.728595 
8819.432249 
(24,13) 12545.960179 357.986794 
12545.960179 
(24,21) 12722.074251 334.114941 
12722.074251 
(24,23) 8767.019880 4.664308 
8767.019880 
