(1,2) 10305.909219 6.360990 
10305.909219 
(1,3) 11526.125397 4.564785 
11526.125397 
(2,1) 10340.209464 6.365820 
10340.209464 
(2,6) 10291.806874 227.770806 
10291.806874 
(3,1) 11491.825152 4.558092 
11491.825152 
(3,4) 24373.866718 145.280530 
24373.866718 
(3,12) 26548.743534 4.993587 
26548.743534 
(4,3) 24422.636415 146.414682 
24422.636415 
(4,5) 35935.428558 82.044695 
35935.428558 
(4,11) 9486.646488 206.864205 
9486.646488 
(5,4) 36109.282904 83.604986 
36109.282904 
(5,6) 9254.136063 11.341378 
9254.136063 
(5,9) 31181.292495 1139.377748 
31181.292495 
(6,2) 10326.107119 230.755463 
10326.107119 
(6,5) 9305.079757 11.504374 
9305.079757 
(6,8) 19345.942937 1169.662454 
19345.942937 
(7,8) 21104.477286 26.607248 
21104.477286 
(7,18) 20224.637108 4.676966 
20224.637108 
(8,6) 19431.186876 1190.379140 
19431.186876 
(8,7) 20924.637108 25.812806 
20924.637108 
(8,9) 5510.227652 44.013980 
5510.227652 
(8,16) 10868.679047 263.321407 
10868.679047 
(9,5) 31304.203146 1157.369775 
31304.203146 
(9,8) 5409.536307 41.595079 
5409.536307 
(9,10) 31063.864171 181.781733 
31063.864171 
(10,9) 31186.083478 184.612015 
31186.083478 
(10,11) 0.000000 9999.000000 
0.000000 
(10,15) 33127.005169 38.515652 
33127.005169 
(10,16) 18216.503679 122.927930 
18216.503679 
(10,17) 3414.817274 159.782724 
3414.817274 
(11,4) 9461.561841 204.748111 
9461.561841 
(11,10) 0.000000 9999.000000 
0.000000 
(11,12) 6106.431381 54.486371 
6106.431381 
(11,14) 12093.221660 26.692557 
12093.221660 
(12,3) 26465.673592 4.981210 
26465.673592 
(12,11) 6135.277945 55.409076 
6135.277945 
(12,13) 17613.465589 4.539924 
17613.465589 
(13,12) 17659.242211 4.555995 
17659.242211 
(13,24) 7413.465589 47.157526 
7413.465589 
(14,11) 12139.290448 27.040325 
12139.290448 
(14,15) 17251.904851 1542.793206 
17251.904851 
(14,23) 11601.979590 22.481132 
11601.979590 
(15,10) 33155.319582 38.626962 
33155.319582 
(15,14) 17320.410321 1567.364729 
17320.410321 
(15,19) 19298.734650 25.193987 
19298.734650 
(15,22) 19805.380649 11.154712 
19805.380649 
(16,8) 10874.774152 263.901357 
10874.774152 
(16,10) 18211.131483 122.787700 
18211.131483 
(16,17) 8585.182726 36.854795 
8585.182726 
(16,18) 0.000000 9999.000000 
0.000000 
(17,10) 3414.094365 159.654237 
3414.094365 
(17,16) 8585.905635 36.866536 
8585.905635 
(17,19) 11400.000000 151.709429 
11400.000000 
(18,7) 20404.477286 4.773460 
20404.477286 
(18,16) 0.000000 9999.000000 
0.000000 
(18,20) 21124.637108 10.372458 
21124.637108 
(19,15) 19278.571117 25.101378 
19278.571117 
(19,17) 11400.000000 151.709429 
11400.000000 
(19,20) 18691.895115 120.944244 
18691.895115 
(20,18) 21204.477286 10.469344 
21204.477286 
(20,19) 18671.731582 120.440454 
18671.731582 
(20,21) 9641.178184 17.862903 
9641.178184 
(20,22) 2895.802630 158.081278 
2895.802630 
(21,20) 9605.148650 17.686566 
9605.148650 
(21,22) 6948.017719 140.497758 
6948.017719 
(21,24) 7044.199656 1453.309229 
7044.199656 
(22,15) 19822.364065 11.182719 
19822.364065 
(22,20) 2891.508809 157.175356 
2891.508809 
(22,21) 6935.328124 139.488738 
6935.328124 
(22,23) 0.000000 9999.000000 
0.000000 
(23,14) 11579.542908 22.338586 
11579.542908 
(23,22) 0.000000 9999.000000 
0.000000 
(23,24) 10837.970242 8.222549 
10837.970242 
(24,13) 7359.242211 45.908665 
7359.242211 
(24,21) 7020.859717 1434.182988 
7020.859717 
(24,23) 10815.533560 8.171182 
10815.533560 
