(1,2) 3726.413758 21.543075 
3726.413758 
(1,3) 7324.186986 4.092085 
7324.186986 
(2,1) 3724.186986 21.505957 
3724.186986 
(2,6) 6526.413758 41.023854 
6526.413758 
(3,1) 7326.413758 4.092197 
7326.413758 
(3,4) 7130.731758 52.224318 
7130.731758 
(3,12) 10279.858949 4.022335 
10279.858949 
(4,3) 7127.676182 52.141713 
7127.676182 
(4,5) 14315.482043 4.015882 
14315.482043 
(4,11) 6383.964219 47.192055 
6383.964219 
(5,4) 14387.903011 4.056986 
14387.903011 
(5,6) 8965.943789 10.468717 
8965.943789 
(5,9) 13649.538254 46.653652 
13649.538254 
(6,2) 6524.186986 40.974715 
6524.186986 
(6,5) 8999.210647 10.565257 
8999.210647 
(6,8) 10492.357548 103.029925 
10492.357548 
(7,8) 11593.983435 53.472633 
11593.983435 
(7,18) 16712.368126 3.248165 
16712.368126 
(8,6) 10523.397633 104.230769 
10523.397633 
(8,7) 11549.372591 52.700279 
11549.372591 
(8,9) 6287.504531 67.662375 
6287.504531 
(8,16) 2650.071749 59.592409 
2650.071749 
(9,5) 13688.692364 47.133652 
13688.692364 
(9,8) 6265.057888 66.843347 
6265.057888 
(9,10) 21873.736958 46.953470 
21873.736958 
(10,9) 21990.444425 47.899061 
21990.444425 
(10,11) 28032.935807 51.316485 
28032.935807 
(10,15) 25748.741839 17.868281 
25748.741839 
(10,16) 15859.930307 72.332743 
15859.930307 
(10,17) 7282.445457 94.853286 
7282.445457 
(11,4) 6408.487675 47.828654 
6408.487675 
(11,10) 27901.044714 50.450967 
27901.044714 
(11,12) 15521.041571 95.952895 
15521.041571 
(11,14) 11563.166738 22.968043 
11563.166738 
(12,3) 10285.141298 4.022381 
10285.141298 
(12,11) 15496.583165 95.387235 
15496.583165 
(12,13) 9772.904739 34.210399 
9772.904739 
(13,12) 9853.728682 35.255744 
9853.728682 
(13,24) 8946.271318 95.524993 
8946.271318 
(14,11) 11580.257507 23.080434 
11580.257507 
(14,15) 7345.052045 55.527665 
7345.052045 
(14,23) 10713.588689 17.438167 
10713.588689 
(15,10) 25828.141877 18.015350 
25828.141877 
(15,14) 7377.133880 56.416248 
7377.133880 
(15,19) 21957.870495 40.194683 
21957.870495 
(15,22) 22848.890182 17.445624 
22848.890182 
(16,8) 2658.947632 60.327477 
2658.947632 
(16,10) 15920.764968 73.387219 
15920.764968 
(16,17) 8200.000000 31.008132 
8200.000000 
(16,18) 22274.349254 3.738484 
22274.349254 
(17,10) 7290.809319 95.252977 
7290.809319 
(17,16) 8200.000000 31.008132 
8200.000000 
(17,19) 7909.190681 36.686296 
7909.190681 
(18,7) 16756.978969 3.261545 
16756.978969 
(18,16) 22344.059798 3.747773 
22344.059798 
(18,20) 19732.741227 8.851764 
19732.741227 
(19,15) 22012.907160 40.568996 
22012.907160 
(19,17) 7917.554543 36.833250 
7917.554543 
(19,20) 12440.315953 26.945163 
12440.315953 
(20,18) 19747.062615 8.865864 
19747.062615 
(20,19) 12503.716479 27.416500 
12503.716479 
(20,21) 0.000000 9999.000000 
0.000000 
(20,22) 8164.616390 85.341801 
8164.616390 
(21,20) 0.000000 9999.000000 
0.000000 
(21,22) 12409.948667 11.510959 
12409.948667 
(21,24) 7834.382448 50.617451 
7834.382448 
(22,15) 22805.335391 17.335793 
22805.335391 
(22,20) 8142.338304 84.468497 
8142.338304 
(22,21) 12443.336775 11.613727 
12443.336775 
(22,23) 7643.457868 56.426482 
7643.457868 
(23,14) 10698.597623 17.363111 
10698.597623 
(23,22) 7611.013099 55.541979 
7611.013099 
(23,24) 9583.758486 5.804696 
9583.758486 
(24,13) 8927.095261 94.742788 
8927.095261 
(24,21) 7800.994340 49.810893 
7800.994340 
(24,23) 9536.322651 5.729927 
9536.322651 
