(1,2) 2859.394865 6.002139 
2859.394865 
(1,3) 11474.335545 4.554703 
11474.335545 
(2,1) 2874.335545 6.002184 
2874.335545 
(2,6) 1125.664455 122.749802 
1125.664455 
(3,1) 11459.394865 4.551819 
11459.394865 
(3,4) 20607.095758 5.262308 
20607.095758 
(3,12) 12952.239833 4.056287 
12952.239833 
(4,3) 18433.924296 4.808294 
18433.924296 
(4,5) 21361.011731 11.993751 
21361.011731 
(4,11) 6101.377542 40.368714 
6101.377542 
(5,4) 19528.634510 8.981179 
19528.634510 
(5,6) 8531.112766 94.849052 
8531.112766 
(5,9) 15929.898966 82.273989 
15929.898966 
(6,2) 1140.605135 129.126831 
1140.605135 
(6,5) 8755.805252 104.804993 
8755.805252 
(6,8) 9456.777221 68.669982 
9456.777221 
(7,8) 13314.404492 6.739676 
13314.404492 
(7,18) 14890.353582 2.786575 
14890.353582 
(8,6) 9696.410387 75.688830 
9696.410387 
(8,7) 12090.353582 5.542746 
12090.353582 
(8,9) 7568.217818 131.046929 
7568.217818 
(8,16) 5536.433595 22.392969 
5536.433595 
(9,5) 13872.829258 49.446893 
13872.829258 
(9,8) 6634.279144 81.475014 
6634.279144 
(9,10) 19019.595448 28.125015 
19019.595448 
(10,9) 16128.587067 15.992314 
16128.587067 
(10,11) 25984.227174 39.190109 
25984.227174 
(10,15) 13275.675602 433.836127 
13275.675602 
(10,16) 16057.169260 75.795909 
16057.169260 
(10,17) 8300.000000 154.551295 
8300.000000 
(11,4) 5860.583301 35.256007 
5860.583301 
(11,10) 31832.719911 82.011619 
31832.719911 
(11,12) 11792.508682 35.974815 
11792.508682 
(11,14) 23009.426891 301.398374 
23009.426891 
(12,3) 15110.470615 4.104266 
15110.470615 
(12,11) 12308.199904 41.572129 
12308.199904 
(12,13) 17227.279054 4.409246 
17227.279054 
(13,12) 20001.201057 5.560615 
20001.201057 
(13,24) 12144.039928 314.759338 
12144.039928 
(14,11) 28201.434165 675.119971 
28201.434165 
(14,15) 8838.094050 110.921518 
8838.094050 
(14,23) 11714.926138 23.211372 
11714.926138 
(15,10) 0.000000 9999.000000 
0.000000 
(15,14) 11887.941045 351.717922 
11887.941045 
(15,19) 16852.619538 15.905940 
16852.619538 
(15,22) 10096.193447 54.247183 
10096.193447 
(16,8) 5485.954525 21.767262 
5485.954525 
(16,10) 18726.255495 136.809008 
18726.255495 
(16,17) 11327.702751 107.640812 
11327.702751 
(16,18) 16372.564075 11.948697 
16372.564075 
(17,10) 10067.088249 325.170505 
10067.088249 
(17,16) 13054.480442 188.338555 
13054.480442 
(17,19) 13650.334704 309.753463 
13650.334704 
(18,7) 16114.404492 3.078890 
16114.404492 
(18,16) 17264.393549 14.063647 
17264.393549 
(18,20) 8820.522874 420.420195 
8820.522874 
(19,15) 9498.996751 4.302660 
9498.996751 
(19,17) 17144.200644 767.770638 
17144.200644 
(19,20) 13118.323160 32.371272 
13118.323160 
(20,18) 10836.403258 952.626152 
10836.403258 
(20,19) 9258.566313 11.039478 
9258.566313 
(20,21) 10270.713123 21.278226 
10270.713123 
(20,22) 5852.922080 26.217265 
5852.922080 
(21,20) 8763.798499 14.099162 
8763.798499 
(21,22) 9268.198137 4.958868 
9268.198137 
(21,24) 12424.387366 304.194479 
12424.387366 
(22,15) 7123.987627 15.703751 
7123.987627 
(22,20) 5415.960241 20.556085 
5415.960241 
(22,21) 10266.725538 6.455251 
10266.725538 
(22,23) 11829.699640 304.805718 
11829.699640 
(23,14) 13857.086417 41.608661 
13857.086417 
(23,22) 9419.059382 124.898623 
9419.059382 
(23,24) 9608.422458 5.844013 
9608.422458 
(24,13) 14817.961932 692.851075 
14817.961932 
(24,21) 9918.945341 125.351434 
9918.945341 
(24,23) 9339.942479 5.432048 
9339.942479 
