(1,2) 2767.743903 14.039822 
2767.743903 
(1,3) 10128.763891 4.336803 
10128.763891 
(2,1) 2914.249225 15.882108 
2914.249225 
(2,6) 2471.236109 5.740540 
2471.236109 
(3,1) 9982.258570 4.317735 
9982.258570 
(3,4) 9661.407760 5.050011 
9661.407760 
(3,12) 16963.506202 4.165612 
16963.506202 
(4,3) 9449.256977 4.960777 
9449.256977 
(4,5) 15422.753876 4.715745 
15422.753876 
(4,11) 11922.633796 507.118574 
11922.633796 
(5,4) 15268.841733 4.608949 
15268.841733 
(5,6) 7484.271335 7.140741 
7484.271335 
(5,9) 6638.482542 92.223352 
6638.482542 
(6,2) 2617.741430 5.932392 
2617.741430 
(6,5) 7365.344081 6.945820 
7365.344081 
(6,8) 5775.377460 738.502224 
5775.377460 
(7,8) 13408.182620 6.846154 
13408.182620 
(7,18) 20169.265473 4.647770 
20169.265473 
(8,6) 5802.955528 752.670825 
5802.955528 
(8,7) 13366.216433 6.798227 
13366.216433 
(8,9) 4165.894169 668.624350 
4165.894169 
(8,16) 4850.801166 15.249607 
4850.801166 
(9,5) 6603.497652 90.399163 
6603.497652 
(9,8) 4141.640139 653.419613 
4141.640139 
(9,10) 5496.842403 544.204631 
5496.842403 
(10,9) 5537.603483 560.436987 
5537.603483 
(10,11) 34234.360530 108.017295 
34234.360530 
(10,15) 26745.789572 19.816100 
26745.789572 
(10,16) 18710.642736 136.366651 
18710.642736 
(10,17) 8270.334383 152.467304 
8270.334383 
(11,4) 11964.395157 514.176613 
11964.395157 
(11,10) 34060.351798 105.938717 
34060.351798 
(11,12) 23819.528611 504.958411 
23819.528611 
(11,14) 11034.099210 19.727617 
11034.099210 
(12,3) 17029.151664 4.168191 
17029.151664 
(12,11) 23735.950431 497.992184 
23735.950431 
(12,13) 16216.987371 4.106626 
16216.987371 
(13,12) 16299.054653 4.129197 
16299.054653 
(13,24) 9992.208690 146.435231 
9992.208690 
(14,11) 11085.430019 20.022326 
11085.430019 
(14,15) 8733.579510 105.999409 
8733.579510 
(14,23) 5500.000000 20.829793 
5500.000000 
(15,10) 26820.792839 19.971731 
26820.792839 
(15,14) 8776.442253 107.996797 
8776.442253 
(15,19) 7919.495591 123.226800 
7919.495591 
(15,22) 22897.334665 17.568525 
22897.334665 
(16,8) 4860.667077 15.333248 
4860.667077 
(16,10) 18783.140180 138.430110 
18783.140180 
(16,17) 7856.074138 26.439181 
7856.074138 
(16,18) 22845.684288 3.817218 
22845.684288 
(17,10) 8237.603483 150.193854 
8237.603483 
(17,16) 7873.183438 26.652776 
7873.183438 
(17,19) 7289.213079 27.023746 
7289.213079 
(18,7) 20211.231660 4.669876 
20211.231660 
(18,16) 22910.938345 3.826595 
22910.938345 
(18,20) 23395.979072 13.587710 
23395.979072 
(19,15) 7932.049515 123.990945 
7932.049515 
(19,17) 7273.591478 26.809920 
7273.591478 
(19,20) 10764.630942 16.863587 
10764.630942 
(20,18) 23403.199315 13.599551 
23403.199315 
(20,19) 10761.563266 16.848930 
10761.563266 
(20,21) 16285.271915 102.571860 
16285.271915 
(20,22) 8993.085210 123.258743 
8993.085210 
(21,20) 16217.341440 100.970599 
16217.341440 
(21,22) 14692.582127 20.686884 
14692.582127 
(21,24) 14009.623053 489.914687 
14009.623053 
(22,15) 22902.646752 17.582049 
22902.646752 
(22,20) 8965.168252 121.797139 
8965.168252 
(22,21) 14706.718934 20.758908 
14706.718934 
(22,23) 9008.468065 105.156778 
9008.468065 
(23,14) 5508.468065 20.933680 
5508.468065 
(23,22) 9000.000000 104.776960 
9000.000000 
(23,24) 0.000000 9999.000000 
0.000000 
(24,13) 9974.275972 145.415483 
9974.275972 
(24,21) 13927.555771 478.605314 
13927.555771 
(24,23) 0.000000 9999.000000 
0.000000 
