(1,2) 5407.215181 6.027355 
5407.215181 
(1,3) 9025.264715 4.212319 
9025.264715 
(2,1) 5425.264715 6.027723 
5425.264715 
(2,6) 4407.215181 12.491155 
4407.215181 
(3,1) 9007.215181 4.210626 
9007.215181 
(3,4) 10950.748695 4.100664 
10950.748695 
(3,12) 14628.700896 4.091591 
14628.700896 
(4,3) 10884.841682 4.098262 
10884.841682 
(4,5) 13340.379135 3.520246 
13340.379135 
(4,11) 8163.631975 116.150216 
8163.631975 
(5,4) 13367.068157 3.532448 
13367.068157 
(5,6) 10275.546247 15.159732 
10275.546247 
(5,9) 4798.652190 205.586977 
4798.652190 
(6,2) 4425.264715 12.614630 
4425.264715 
(6,5) 10290.929284 15.226709 
10290.929284 
(6,8) 12895.679710 232.533826 
12895.679710 
(7,8) 14809.000825 8.723346 
14809.000825 
(7,18) 18393.789074 3.831491 
18393.789074 
(8,6) 12929.112281 234.933812 
12929.112281 
(8,7) 14777.456811 8.674737 
14777.456811 
(8,9) 1355.324850 73.694657 
1355.324850 
(8,16) 4946.565785 16.083285 
4946.565785 
(9,5) 4809.958175 207.484061 
4809.958175 
(9,8) 1351.333111 72.947585 
1351.333111 
(9,10) 12895.518241 8.309534 
12895.518241 
(10,9) 13002.832488 8.488493 
13002.832488 
(10,11) 33179.983765 95.900431 
33179.983765 
(10,15) 32123.535895 34.751277 
32123.535895 
(10,16) 15435.682704 65.309408 
15435.682704 
(10,17) 8016.555016 135.534711 
8016.555016 
(11,4) 8171.035941 116.550361 
8171.035941 
(11,10) 33028.454536 94.251243 
33028.454536 
(11,12) 16330.295010 116.232034 
16330.295010 
(11,14) 2216.674137 240.234903 
2216.674137 
(12,3) 14676.558375 4.092795 
14676.558375 
(12,11) 16281.496697 114.920343 
16281.496697 
(12,13) 15540.401407 3.933187 
15540.401407 
(13,12) 15639.460572 3.957210 
15639.460572 
(13,24) 10460.539428 175.075479 
10460.539428 
(14,11) 2221.347186 242.233272 
2221.347186 
(14,15) 8841.864651 111.102391 
8841.864651 
(14,23) 9867.721681 13.670919 
9867.721681 
(15,10) 32237.503794 35.161468 
32237.503794 
(15,14) 8843.821320 111.196342 
8843.821320 
(15,19) 17090.286325 16.649519 
17090.286325 
(15,22) 21194.718250 13.695140 
21194.718250 
(16,8) 4952.446081 16.136081 
4952.446081 
(16,10) 15475.380801 65.942558 
15475.380801 
(16,17) 5572.219645 115.639951 
5572.219645 
(16,18) 20853.203013 3.567299 
20853.203013 
(17,10) 8021.732495 135.864502 
8021.732495 
(17,16) 5569.530686 115.420755 
5569.530686 
(17,19) 9808.736819 84.050659 
9808.736819 
(18,7) 18425.333089 3.844087 
18425.333089 
(18,16) 20901.470365 3.572570 
20901.470365 
(18,20) 19599.037875 8.721598 
19599.037875 
(19,15) 17113.662958 16.724353 
17113.662958 
(19,17) 9811.225339 84.133958 
9811.225339 
(19,20) 12337.712712 26.197503 
12337.712712 
(20,18) 19578.849241 8.702173 
19578.849241 
(20,19) 12363.577866 26.384231 
12363.577866 
(20,21) 9441.846239 16.911846 
9441.846239 
(20,22) 6062.940376 29.430458 
6062.940376 
(21,20) 9364.866344 16.560315 
9364.866344 
(21,22) 12726.339895 12.518612 
12726.339895 
(21,24) 8759.598593 77.419011 
8759.598593 
(22,15) 21187.266185 13.680106 
21187.266185 
(22,20) 6045.596790 29.152113 
6045.596790 
(22,21) 12748.419166 12.591799 
12748.419166 
(22,23) 9139.504543 111.172122 
9139.504543 
(23,14) 9870.438060 13.681572 
9870.438060 
(23,22) 9136.788164 111.044767 
9136.788164 
(23,24) 6200.000000 65.007388 
6200.000000 
(24,13) 10459.598593 175.013940 
10459.598593 
(24,21) 8660.539428 74.109373 
8660.539428 
(24,23) 6200.000000 65.007388 
6200.000000 
