(1,2) 5054.220314 6.020882 
5054.220314 
(1,3) 9082.724940 4.217778 
9082.724940 
(2,1) 5082.724940 6.021357 
5082.724940 
(2,6) 3654.220314 8.540550 
3654.220314 
(3,1) 9054.220314 4.215057 
9054.220314 
(3,4) 12894.187904 4.193497 
12894.187904 
(3,12) 14411.924067 4.086282 
14411.924067 
(4,3) 12835.964988 4.190026 
12835.964988 
(4,5) 12063.224010 3.016471 
12063.224010 
(4,11) 7830.963893 99.263684 
7830.963893 
(5,4) 12096.937774 3.027881 
12096.937774 
(5,6) 9341.352773 11.622074 
9341.352773 
(5,9) 7346.811385 192.116185 
7346.811385 
(6,2) 3682.724940 8.652321 
3682.724940 
(6,5) 9357.006567 11.673294 
9357.006567 
(6,8) 12328.676658 194.585487 
12328.676658 
(7,8) 19023.647208 18.585549 
19023.647208 
(7,18) 15885.883327 3.018980 
15885.883327 
(8,6) 12372.835078 197.359530 
12372.835078 
(8,7) 18941.756181 18.318912 
18941.756181 
(8,9) 5291.418709 38.924629 
5291.418709 
(8,16) 9849.301613 179.210806 
9849.301613 
(9,5) 7364.871354 193.962861 
7364.871354 
(9,8) 5264.454144 38.339532 
5264.454144 
(9,10) 16638.230095 17.713965 
16638.230095 
(10,9) 16729.325498 18.038861 
16729.325498 
(10,11) 34819.793110 115.246804 
34819.793110 
(10,15) 31686.065893 33.216799 
31686.065893 
(10,16) 19245.834884 152.173581 
19245.834884 
(10,17) 8750.064123 189.018197 
8750.064123 
(11,4) 7839.027214 99.648402 
7839.027214 
(11,10) 34679.824083 113.484779 
34679.824083 
(11,12) 15682.364904 99.751434 
15682.364904 
(11,14) 12987.069892 34.182840 
12987.069892 
(12,3) 14441.642357 4.086995 
14441.642357 
(12,11) 15662.786146 99.284131 
15662.786146 
(12,13) 15282.678828 3.872806 
15282.678828 
(13,12) 15392.818360 3.898240 
15392.818360 
(13,24) 9430.761917 117.020849 
9430.761917 
(14,11) 12974.742943 34.068408 
12974.742943 
(14,15) 1600.000000 129.691553 
1600.000000 
(14,23) 9618.115927 12.728914 
9618.115927 
(15,10) 31805.909020 33.630899 
31805.909020 
(15,14) 1600.000000 129.691553 
1600.000000 
(15,19) 15201.544113 11.544188 
15201.544113 
(15,22) 21010.503842 13.328131 
21010.503842 
(16,8) 9838.533572 178.450210 
9838.533572 
(16,10) 19253.012900 152.394759 
19253.012900 
(16,17) 8595.136498 37.016720 
8595.136498 
(16,18) 0.000000 9999.000000 
0.000000 
(17,10) 8754.107411 189.353013 
8754.107411 
(17,16) 8591.546472 36.958254 
8591.546472 
(17,19) 6054.346117 211.035806 
6054.346117 
(18,7) 15967.774355 3.040154 
15967.774355 
(18,16) 0.000000 9999.000000 
0.000000 
(18,20) 15987.956335 6.090845 
15987.956335 
(19,15) 15227.334088 11.602318 
15227.334088 
(19,17) 6054.799379 211.098411 
6054.799379 
(19,20) 11482.129043 20.651571 
11482.129043 
(20,18) 15969.847362 6.081388 
15969.847362 
(20,19) 11508.372280 20.804327 
11508.372280 
(20,21) 8018.110615 11.674907 
8018.110615 
(20,22) 5284.420295 19.098985 
5284.420295 
(21,20) 7948.257049 11.479717 
7948.257049 
(21,22) 10784.029989 7.423364 
10784.029989 
(21,24) 9713.167058 115.509840 
9713.167058 
(22,15) 21004.556994 13.316443 
21004.556994 
(22,20) 5262.408125 18.865532 
5262.408125 
(22,21) 10765.863496 7.386912 
10765.863496 
(22,23) 9229.333400 115.448071 
9229.333400 
(23,14) 9605.788978 12.684250 
9605.788978 
(23,22) 9183.207890 113.236777 
9183.207890 
(23,24) 10500.348147 7.482660 
10500.348147 
(24,13) 9440.901450 117.507693 
9440.901450 
(24,21) 9661.479984 113.134075 
9661.479984 
(24,23) 10441.895689 7.361594 
10441.895689 
