(1,2) 7976.697766 6.008097 
7976.697766 
(1,3) 13394.267199 5.029973 
13394.267199 
(2,1) 7994.267199 6.008169 
7994.267199 
(2,6) 6805.816216 47.600298 
6805.816216 
(3,1) 13376.697766 5.024579 
13376.697766 
(3,4) 9171.754911 4.049535 
9171.754911 
(3,12) 11680.511121 4.037229 
11680.511121 
(4,3) 9108.980409 4.048192 
9108.980409 
(4,5) 7560.787166 45.788909 
7560.787166 
(4,11) 7582.176464 87.964771 
7582.176464 
(5,4) 7579.294241 46.219227 
7579.294241 
(5,6) 4366.492556 16.907489 
4366.492556 
(5,9) 11398.144179 25.254328 
11398.144179 
(6,2) 6823.385648 48.041900 
6823.385648 
(6,5) 4366.564565 16.908340 
4366.564565 
(6,8) 9039.168236 57.650822 
9039.168236 
(7,8) 7177.040163 109.530367 
7177.040163 
(7,18) 11836.469154 12.617801 
11836.469154 
(8,6) 9056.809678 58.086543 
9056.809678 
(8,7) 7156.007251 108.287061 
7156.007251 
(8,9) 5816.832544 52.240158 
5816.832544 
(8,16) 3985.866539 124.870291 
3985.866539 
(9,5) 11416.579244 25.385681 
11416.579244 
(9,8) 5802.705553 51.831306 
5802.705553 
(9,10) 23595.438626 62.513220 
23595.438626 
(10,9) 23699.746700 63.572576 
23699.746700 
(10,11) 27256.327076 46.393352 
27256.327076 
(10,15) 31593.833858 32.901289 
31593.833858 
(10,16) 16308.502394 80.397665 
16308.502394 
(10,17) 2298.805933 170.616533 
2298.805933 
(11,4) 7600.894888 88.777173 
7600.894888 
(11,10) 27123.708017 45.593594 
27123.708017 
(11,12) 15202.218747 88.786516 
15202.218747 
(11,14) 12841.394976 32.851221 
12841.394976 
(12,3) 11725.716191 4.037808 
11725.716191 
(12,11) 15164.922072 87.977077 
15164.922072 
(12,13) 9434.501390 14.060388 
9434.501390 
(13,12) 9542.409785 14.575155 
9542.409785 
(13,24) 9415.589049 116.295259 
9415.589049 
(14,11) 12864.791016 33.062055 
12864.791016 
(14,15) 6955.998743 45.643182 
6955.998743 
(14,23) 9133.017377 11.096714 
9133.017377 
(15,10) 31660.735220 33.129872 
31660.735220 
(15,14) 6990.744965 46.461361 
6990.744965 
(15,19) 21904.272779 39.832851 
21904.272779 
(15,22) 19756.822299 11.075032 
19756.822299 
(16,8) 3996.602059 126.166951 
3996.602059 
(16,10) 16376.927224 81.687909 
16376.927224 
(16,17) 10903.435950 92.681326 
10903.435950 
(16,18) 23742.584079 3.953308 
23742.584079 
(17,10) 2300.406876 171.070006 
2300.406876 
(17,16) 10907.690460 92.822944 
10907.690460 
(17,19) 10191.902665 97.642477 
10191.902665 
(18,7) 11857.502066 12.693471 
11857.502066 
(18,16) 23817.489919 3.965395 
23817.489919 
(18,20) 21585.082014 4.434155 
21585.082014 
(19,15) 21973.364745 40.299778 
21973.364745 
(19,17) 10197.758117 97.862461 
10197.758117 
(19,20) 10590.576920 16.051580 
10590.576920 
(20,18) 21581.020766 4.433828 
21581.020766 
(20,19) 10665.524339 16.396365 
10665.524339 
(20,21) 12665.639828 41.332883 
12665.639828 
(20,22) 2010.019106 47.794995 
2010.019106 
(21,20) 12638.837869 41.034757 
12638.837869 
(21,22) 10322.585208 6.553007 
10322.585208 
(21,24) 7656.374000 46.434981 
7656.374000 
(22,15) 19689.377917 10.965331 
19689.377917 
(22,20) 2007.707236 47.598448 
2007.707236 
(22,21) 10328.634756 6.563689 
10328.634756 
(22,23) 14493.874070 46.365191 
14493.874070 
(23,14) 9121.667194 11.061502 
9121.667194 
(23,22) 14430.167367 45.625236 
14430.167367 
(23,24) 9991.639464 6.494936 
9991.639464 
(24,13) 9423.497444 116.673013 
9423.497444 
(24,21) 7623.522492 45.694292 
7623.522492 
(24,23) 9916.582577 6.361387 
9916.582577 
