(1,2) 7826.435738 6.007504 
7826.435738 
(1,3) 10236.384728 4.351347 
10236.384728 
(2,1) 7857.636975 6.007624 
7857.636975 
(2,6) 9350.732361 156.800874 
9350.732361 
(3,1) 10205.183491 4.347083 
10205.183491 
(3,4) 6889.844561 23.688049 
6889.844561 
(3,12) 15662.636946 4.120362 
15662.636946 
(4,3) 6826.252218 22.971179 
6826.252218 
(4,5) 7757.022918 156.366056 
7757.022918 
(4,11) 0.000000 9999.000000 
0.000000 
(5,4) 7793.430575 159.284597 
7793.430575 
(5,6) 9698.510616 12.856340 
9698.510616 
(5,9) 11996.489413 29.854095 
11996.489413 
(6,2) 9381.933597 158.837135 
9381.933597 
(6,5) 9706.644852 12.886089 
9706.644852 
(6,8) 12011.265866 175.505332 
12011.265866 
(7,8) 13909.214207 7.454073 
13909.214207 
(7,18) 17767.143302 3.594375 
17767.143302 
(8,6) 12050.601339 177.789359 
12050.601339 
(8,7) 13836.494548 7.361655 
13836.494548 
(8,9) 8421.964555 195.623485 
8421.964555 
(8,16) 4852.806762 15.266569 
4852.806762 
(9,5) 12024.762834 30.089229 
12024.762834 
(9,8) 8376.637807 191.659551 
8376.637807 
(9,10) 19618.453968 31.442014 
19618.453968 
(10,9) 19701.400641 31.926084 
19701.400641 
(10,11) 26672.209097 42.957466 
26672.209097 
(10,15) 23935.675629 14.862302 
23935.675629 
(10,16) 20922.835789 210.969305 
20922.835789 
(10,17) 7534.408321 107.511644 
7534.408321 
(11,4) 0.000000 9999.000000 
0.000000 
(11,10) 26540.463379 42.213050 
26540.463379 
(11,12) 18517.977339 188.266096 
18517.977339 
(11,14) 13162.047503 35.842650 
13162.047503 
(12,3) 15695.028053 4.121361 
15695.028053 
(12,11) 18468.586159 186.329300 
18468.586159 
(12,13) 14323.658562 3.673497 
14323.658562 
(13,12) 14406.658488 3.689244 
14406.658488 
(13,24) 10123.658562 154.079509 
10123.658562 
(14,11) 13179.692965 36.013751 
13179.692965 
(14,15) 7610.424792 63.235166 
7610.424792 
(14,23) 16207.347835 74.379793 
16207.347835 
(15,10) 24008.488108 14.970631 
24008.488108 
(15,14) 7633.850241 63.955491 
7633.850241 
(15,19) 16476.827100 14.792729 
16476.827100 
(15,22) 7082.760870 274.601248 
7082.760870 
(16,8) 4864.749324 15.368005 
4864.749324 
(16,10) 20943.772083 211.798959 
20943.772083 
(16,17) 6204.395338 318.902729 
6204.395338 
(16,18) 25664.292163 4.301483 
25664.292163 
(17,10) 7555.351940 108.622728 
7555.351940 
(17,16) 6194.755608 316.937835 
6194.755608 
(17,19) 9649.892452 78.863409 
9649.892452 
(18,7) 17839.862961 3.620638 
17839.862961 
(18,16) 25706.810749 4.310129 
25706.810749 
(18,20) 23246.552935 13.345106 
23246.552935 
(19,15) 16469.154789 14.770780 
16469.154789 
(19,17) 9661.196341 79.224193 
9661.196341 
(19,20) 2580.737663 255.721015 
2580.737663 
(20,18) 23261.791180 13.369633 
23261.791180 
(20,19) 2584.369240 257.140882 
2584.369240 
(20,21) 13172.914947 47.342629 
13172.914947 
(20,22) 7462.900671 61.082720 
7462.900671 
(21,20) 13114.856793 46.618581 
13114.856793 
(21,22) 13081.278869 13.742084 
13081.278869 
(21,24) 10249.398661 142.489211 
10249.398661 
(22,15) 7086.671110 275.201526 
7086.671110 
(22,20) 7439.828647 60.392397 
7439.828647 
(22,21) 13083.885242 13.751445 
13083.885242 
(22,23) 9658.827674 137.686910 
9658.827674 
(23,14) 16201.567847 74.279449 
16201.567847 
(23,22) 9642.272263 136.772697 
9642.272263 
(23,24) 4357.259827 142.025285 
4357.259827 
(24,13) 10106.658488 153.073966 
10106.658488 
(24,21) 10188.734134 139.215959 
10188.734134 
(24,23) 4334.924428 139.176197 
4334.924428 
