(1,2) 4853.204849 6.055152 
4853.204849 
(1,3) 7657.739889 4.110040 
7657.739889 
(2,1) 4857.739889 6.055358 
4857.739889 
(2,6) 4942.260111 16.846612 
4942.260111 
(3,1) 7653.204849 4.109780 
7653.204849 
(3,4) 20853.148986 5.323685 
20853.148986 
(3,12) 15974.225467 4.130229 
15974.225467 
(4,3) 20827.430316 5.317167 
20827.430316 
(4,5) 20116.163644 9.859988 
20116.163644 
(4,11) 8536.985342 137.725490 
8536.985342 
(5,4) 20173.750019 9.950378 
20173.750019 
(5,6) 8207.569699 8.542473 
8207.569699 
(5,9) 17697.649207 122.718190 
17697.649207 
(6,2) 4946.795151 16.890154 
4946.795151 
(6,5) 8234.386391 8.602132 
8234.386391 
(6,8) 11660.774548 156.122946 
11660.774548 
(7,8) 16367.624420 11.540623 
16367.624420 
(7,18) 19399.058546 4.265910 
19399.058546 
(8,6) 11692.126280 157.787172 
11692.126280 
(8,7) 16299.058546 11.398409 
16299.058546 
(8,9) 5462.482044 42.850303 
5462.482044 
(8,16) 6558.688275 39.254789 
6558.688275 
(9,5) 17728.418890 123.539002 
17728.418890 
(9,8) 5424.547009 41.947229 
5424.547009 
(9,10) 20800.676934 38.942734 
20800.676934 
(10,9) 20893.511582 39.588700 
20893.511582 
(10,11) 25004.256218 34.316831 
25004.256218 
(10,15) 26997.415814 20.343414 
26997.415814 
(10,16) 13720.364626 42.272459 
13720.364626 
(10,17) 6815.483798 74.629116 
6815.483798 
(11,4) 8553.680298 138.758928 
8553.680298 
(11,10) 24889.940340 33.784367 
24889.940340 
(11,12) 4691.119474 148.206324 
4691.119474 
(11,14) 11659.456446 23.607788 
11659.456446 
(12,3) 15995.409097 4.130922 
15995.409097 
(12,11) 4682.633145 147.180097 
4682.633145 
(12,13) 14165.344941 3.644212 
14165.344941 
(13,12) 14278.042242 3.664959 
14278.042242 
(13,24) 10021.957758 148.139069 
10021.957758 
(14,11) 11670.321852 23.680980 
11670.321852 
(14,15) 6550.267021 36.958452 
6550.267021 
(14,23) 9455.337579 12.152829 
9455.337579 
(15,10) 27074.015725 20.506895 
27074.015725 
(15,14) 6587.379761 37.688916 
6587.379761 
(15,19) 17288.139603 17.292659 
17288.139603 
(15,22) 20377.697455 12.138950 
20377.697455 
(16,8) 6559.409167 39.269852 
6559.409167 
(16,10) 13744.787966 42.545700 
13744.787966 
(16,17) 8294.113684 32.362973 
8294.113684 
(16,18) 14701.513178 23.433517 
14701.513178 
(17,10) 6821.611075 74.869044 
6821.611075 
(17,16) 8291.107701 32.318980 
8291.107701 
(17,19) 8287.281224 43.809797 
8287.281224 
(18,7) 19467.624420 4.298115 
19467.624420 
(18,16) 14729.663393 23.590470 
14729.663393 
(18,20) 18891.711412 8.076010 
18891.711412 
(19,15) 17314.291220 17.379337 
17314.291220 
(19,17) 8290.402518 43.872820 
8290.402518 
(19,20) 11367.731267 19.997816 
11367.731267 
(20,18) 18888.427500 8.073176 
18888.427500 
(20,19) 11397.004178 20.163237 
11397.004178 
(20,21) 9566.994154 17.501979 
9566.994154 
(20,22) 5797.707262 25.427892 
5797.707262 
(21,20) 9512.631882 17.242769 
9512.631882 
(21,22) 11025.612004 7.925912 
11025.612004 
(21,24) 7243.531573 37.797537 
7243.531573 
(22,15) 20365.258488 12.116656 
20365.258488 
(22,20) 5778.058533 25.152372 
5778.058533 
(22,21) 11019.019144 7.911751 
11019.019144 
(22,23) 6844.287278 37.705761 
6844.287278 
(23,14) 9429.090245 12.062678 
9429.090245 
(23,22) 6805.606722 36.950242 
6805.606722 
(23,24) 10735.957357 7.991556 
10735.957357 
(24,13) 10034.655059 148.870925 
10034.655059 
(24,21) 7195.762161 36.888651 
7195.762161 
(24,23) 10671.029467 7.847925 
10671.029467 
