(1,2) 5088.308143 6.001341 
5088.308143 
(1,3) 6422.190832 13.313913 
6422.190832 
(2,1) 5105.883445 6.001359 
5105.883445 
(2,6) 6177.809168 33.922093 
6177.809168 
(3,1) 6404.615531 13.212375 
6404.615531 
(3,4) 18393.524469 4.801231 
18393.524469 
(3,12) 16376.936426 4.143867 
16376.936426 
(4,3) 18381.551957 4.799147 
18381.551957 
(4,5) 25775.310833 23.186386 
25775.310833 
(4,11) 5289.603373 25.415300 
5289.603373 
(5,4) 25871.155330 23.503271 
25871.155330 
(5,6) 9809.203890 13.267639 
9809.203890 
(5,9) 22755.607966 326.762197 
22755.607966 
(6,2) 6195.384469 34.252623 
6195.384469 
(6,5) 9838.669836 13.379499 
9838.669836 
(6,8) 14497.512034 370.240556 
14497.512034 
(7,8) 18478.201630 16.873491 
18478.201630 
(7,18) 20499.686188 4.825588 
20499.686188 
(8,6) 14544.553281 375.043308 
14544.553281 
(8,7) 18399.686188 16.639191 
18399.686188 
(8,9) 6007.105667 58.044134 
6007.105667 
(8,16) 6363.936282 35.363836 
6363.936282 
(9,5) 22821.986519 330.533003 
22821.986519 
(9,8) 5966.110436 56.745998 
5966.110436 
(9,10) 22389.497530 51.247922 
22389.497530 
(10,9) 22514.880851 52.337807 
22514.880851 
(10,11) 13855.378402 398.919162 
13855.378402 
(10,15) 29222.987954 25.690749 
29222.987954 
(10,16) 13590.001599 40.838487 
13590.001599 
(10,17) 6886.385813 77.445274 
6886.385813 
(11,4) 5281.786364 25.300786 
5281.786364 
(11,10) 13809.877836 393.770130 
13809.877836 
(11,12) 9040.593575 16.354270 
9040.593575 
(11,14) 5945.970611 405.271594 
5945.970611 
(12,3) 16371.333637 4.143670 
16371.333637 
(12,11) 9066.245074 16.472287 
9066.245074 
(12,13) 11450.795202 17.006457 
11450.795202 
(13,12) 11570.843912 17.603127 
11570.843912 
(13,24) 6391.031553 410.303302 
6391.031553 
(14,11) 5967.001536 410.978983 
5967.001536 
(14,15) 5989.797896 27.345928 
5989.797896 
(14,23) 9069.805158 10.902271 
9069.805158 
(15,10) 29263.677672 25.800647 
29263.677672 
(15,14) 6023.834547 27.858191 
6023.834547 
(15,19) 16656.596971 15.315870 
16656.596971 
(15,22) 20680.176908 12.693774 
20680.176908 
(16,8) 6373.457318 35.545952 
6373.457318 
(16,10) 13609.953439 41.055298 
13609.953439 
(16,17) 8586.526213 36.876617 
8586.526213 
(16,18) 20379.098558 13.799194 
20379.098558 
(17,10) 6896.628142 77.859349 
6896.628142 
(17,16) 8581.145504 36.789278 
8581.145504 
(17,19) 7922.226354 36.915538 
7922.226354 
(18,7) 20578.201630 4.869126 
20578.201630 
(18,16) 20413.952143 13.873261 
20413.952143 
(18,20) 21484.589541 4.426126 
21484.589541 
(19,15) 16666.329450 15.344680 
16666.329450 
(19,17) 7927.087974 37.001323 
7927.087974 
(19,20) 11014.633191 18.100862 
11014.633191 
(20,18) 21497.958568 4.427188 
21497.958568 
(20,19) 11029.227291 18.175744 
11029.227291 
(20,21) 9111.211055 15.461826 
9111.211055 
(20,22) 5447.911578 20.926437 
5447.911578 
(21,20) 9059.115540 15.247274 
9059.115540 
(21,22) 9641.109333 5.464594 
9641.109333 
(21,24) 6541.173656 26.140343 
6541.173656 
(22,15) 20645.170798 12.628304 
20645.170798 
(22,20) 5427.970218 20.694528 
5427.970218 
(22,21) 9629.017533 5.447246 
9629.017533 
(22,23) 12313.073596 26.066687 
12313.073596 
(23,14) 9056.799432 10.862766 
9056.799432 
(23,22) 12246.034327 25.590024 
12246.034327 
(23,24) 9363.714779 5.467123 
9363.714779 
(24,13) 6411.080262 415.425647 
6411.080262 
(24,21) 6501.169941 25.579439 
6501.169941 
(24,23) 9283.669784 5.350081 
9283.669784 
