(1,2) 4661.484600 6.015109 
4661.484600 
(1,3) 12666.019318 4.823589 
12666.019318 
(2,1) 4666.019318 6.015168 
4666.019318 
(2,6) 2533.980682 5.818663 
2533.980682 
(3,1) 12661.484600 4.822410 
12661.484600 
(3,4) 16664.914722 4.539896 
16664.914722 
(3,12) 12601.104596 4.050427 
12601.104596 
(4,3) 16613.516835 4.533267 
16613.516835 
(4,5) 14358.444987 4.040191 
14358.444987 
(4,11) 7906.469735 102.913021 
7906.469735 
(5,4) 14395.709963 4.061454 
14395.709963 
(5,6) 4393.312868 13.611613 
4393.312868 
(5,9) 18251.241480 138.152980 
18251.241480 
(6,2) 2538.515400 5.824539 
2538.515400 
(6,5) 4392.796493 13.607095 
4392.796493 
(6,8) 1741.184189 594.053738 
1741.184189 
(7,8) 11539.951985 5.110391 
11539.951985 
(7,18) 14510.645302 17.381781 
14510.645302 
(8,6) 1745.202533 599.538106 
1745.202533 
(8,7) 11410.645302 5.017380 
11410.645302 
(8,9) 10430.300733 446.683324 
10430.300733 
(8,16) 5564.026613 22.742309 
5564.026613 
(9,5) 18289.022830 139.258952 
18289.022830 
(9,8) 10402.952619 442.121393 
10402.952619 
(9,10) 17317.753754 20.269011 
17317.753754 
(10,9) 17428.186990 20.713732 
17428.186990 
(10,11) 29336.407813 60.550631 
29336.407813 
(10,15) 20174.494051 456.340926 
20174.494051 
(10,16) 25208.886957 440.152573 
25208.886957 
(10,17) 10765.014001 422.701578 
10765.014001 
(11,4) 7917.806873 103.470075 
7917.806873 
(11,10) 29200.106147 59.525416 
29200.106147 
(11,12) 15855.435948 103.959024 
15855.435948 
(11,14) 0.000000 9999.000000 
0.000000 
(12,3) 12647.967764 4.051181 
12647.967764 
(12,11) 15830.471420 103.343530 
15830.471420 
(12,13) 20607.468184 5.885483 
20607.468184 
(13,12) 20729.366824 5.954365 
20729.366824 
(13,24) 14207.468184 586.154435 
14207.468184 
(14,11) 0.000000 9999.000000 
0.000000 
(14,15) 10409.069325 208.796783 
10409.069325 
(14,23) 11275.921064 20.489530 
11275.921064 
(15,10) 20229.410819 461.264456 
20229.410819 
(15,14) 10440.590974 211.276640 
10440.590974 
(15,19) 13315.995122 8.030539 
13315.995122 
(15,22) 7353.210764 157.153218 
7353.210764 
(16,8) 5466.086388 21.525679 
5466.086388 
(16,10) 25270.703119 444.446393 
25270.703119 
(16,17) 8400.000000 33.943426 
8400.000000 
(16,18) 25128.057292 4.196071 
25128.057292 
(17,10) 10795.015972 427.344015 
10795.015972 
(17,16) 8385.678830 33.726141 
8385.678830 
(17,19) 8179.335172 41.673614 
8179.335172 
(18,7) 14639.951985 17.937431 
14639.951985 
(18,16) 25106.254400 4.191925 
25106.254400 
(18,20) 28338.702594 24.638106 
28338.702594 
(19,15) 13325.286314 8.044594 
13325.286314 
(19,17) 8195.015972 41.978727 
8195.015972 
(19,20) 11461.532402 20.532413 
11461.532402 
(20,18) 28346.206384 24.659973 
28346.206384 
(20,19) 11486.504395 20.676966 
11486.504395 
(20,21) 17455.763476 133.475267 
17455.763476 
(20,22) 2342.966601 144.517225 
2342.966601 
(21,20) 17395.755980 131.731404 
17395.755980 
(21,22) 12241.838046 11.005978 
12241.838046 
(21,24) 8699.451274 75.395990 
8699.451274 
(22,15) 7330.357991 155.245785 
7330.357991 
(22,20) 2335.449880 142.735422 
2335.449880 
(22,21) 12231.824445 10.976547 
12231.824445 
(22,23) 8252.489567 75.241188 
8252.489567 
(23,14) 11244.399414 20.305917 
11244.399414 
(23,22) 8212.106471 73.856931 
8212.106471 
(23,24) 11927.289761 11.127327 
11927.289761 
(24,13) 14229.366824 589.751950 
14229.366824 
(24,21) 8649.457379 73.746104 
8649.457379 
(24,23) 11855.385015 10.909210 
11855.385015 
