(1,2) 9275.677266 56.193505 
9275.677266 
(1,3) 13911.891197 5.198656 
13911.891197 
(2,1) 9311.891197 56.981966 
9311.891197 
(2,6) 11075.677266 303.794730 
11075.677266 
(3,1) 13875.677266 5.186224 
13875.677266 
(3,4) 11106.960041 4.106532 
11106.960041 
(3,12) 10394.239870 4.023345 
10394.239870 
(4,3) 11093.350169 4.106011 
11093.350169 
(4,5) 16354.914550 315.030943 
16354.914550 
(4,11) 6752.045491 57.545780 
6752.045491 
(5,4) 16427.773585 320.646377 
16427.773585 
(5,6) 2656.498217 67.886407 
2656.498217 
(5,9) 19716.168616 186.330701 
19716.168616 
(6,2) 11111.891197 307.721792 
11111.891197 
(6,5) 2661.254066 68.345132 
2661.254066 
(6,8) 12014.423200 175.687838 
12014.423200 
(7,8) 0.000000 9999.000000 
0.000000 
(7,18) 12100.000000 2.342974 
12100.000000 
(8,6) 12055.392980 178.069120 
12055.392980 
(8,7) 0.000000 9999.000000 
0.000000 
(8,9) 6578.490261 79.100984 
6578.490261 
(8,16) 9535.932939 158.075644 
9535.932939 
(9,5) 19784.271802 188.849107 
19784.271802 
(9,8) 6568.144305 78.667309 
6568.144305 
(9,10) 27694.658877 115.949759 
27694.658877 
(10,9) 27852.416106 118.545418 
27852.416106 
(10,11) 13412.999058 578.015384 
13412.999058 
(10,15) 43750.607050 104.923642 
43750.607050 
(10,16) 16157.051598 77.599049 
16157.051598 
(10,17) 9224.019921 231.541531 
9224.019921 
(11,4) 6765.576584 57.960215 
6765.576584 
(11,10) 13352.563970 567.757607 
13352.563970 
(11,12) 13536.544888 58.043082 
13536.544888 
(11,14) 17554.634874 104.758707 
17554.634874 
(12,3) 10371.635810 4.023143 
10371.635810 
(12,11) 13513.077213 57.683121 
13513.077213 
(12,13) 6104.099707 139.695249 
6104.099707 
(13,12) 6158.027974 144.590324 
6158.027974 
(13,24) 9404.285480 115.756980 
9404.285480 
(14,11) 17631.198553 106.528057 
17631.198553 
(14,15) 13419.106172 567.916627 
13419.106172 
(14,23) 12917.021127 32.395509 
12917.021127 
(15,10) 43892.164779 106.210163 
43892.164779 
(15,14) 13476.796404 577.659396 
13476.796404 
(15,19) 18440.396482 21.501247 
18440.396482 
(15,22) 25634.706800 25.887022 
25634.706800 
(16,8) 9587.248676 161.397321 
9587.248676 
(16,10) 16137.635621 77.245909 
16137.635621 
(16,17) 12405.163568 153.940774 
12405.163568 
(16,18) 12119.949284 187.928033 
12119.949284 
(17,10) 9220.070486 231.158923 
9220.070486 
(17,16) 12409.220429 154.139629 
12409.220429 
(17,19) 1770.709085 317.627454 
1770.709085 
(18,7) 12100.000000 2.342974 
12100.000000 
(18,16) 12147.792183 189.633222 
12147.792183 
(18,20) 17619.949284 7.084385 
17619.949284 
(19,15) 18495.774508 21.724493 
18495.774508 
(19,17) 1770.816511 317.704055 
1770.816511 
(19,20) 13124.223082 32.422346 
13124.223082 
(20,18) 17547.792183 7.034170 
17547.792183 
(20,19) 13179.708534 32.906049 
13179.708534 
(20,21) 9649.115537 17.902017 
9649.115537 
(20,22) 6010.155172 28.590718 
6010.155172 
(21,20) 9562.655641 17.481129 
9562.655641 
(21,22) 12132.564887 10.688701 
12132.564887 
(21,24) 14226.652657 520.795161 
14226.652657 
(22,15) 25678.576735 26.044095 
25678.576735 
(22,20) 5979.943419 28.119941 
5979.943419 
(22,21) 12110.876282 10.626739 
12110.876282 
(22,23) 2143.887099 585.747672 
2143.887099 
(23,14) 12935.894575 32.561831 
12935.894575 
(23,22) 2135.856676 577.080243 
2135.856676 
(23,24) 7357.595886 60.687128 
7357.595886 
(24,13) 9358.213746 113.583025 
9358.213746 
(24,21) 14161.881366 511.429665 
14161.881366 
(24,23) 7368.438911 61.033847 
7368.438911 
