(1,2) 5713.649875 6.002131 
5713.649875 
(1,3) 10327.192638 4.363981 
10327.192638 
(2,1) 5727.192638 6.002152 
5727.192638 
(2,6) 3913.649875 262.240786 
3913.649875 
(3,1) 10313.649875 4.362076 
10313.649875 
(3,4) 14063.250421 28.618128 
14063.250421 
(3,12) 13258.806864 4.061808 
13258.806864 
(4,3) 14035.900715 28.427180 
14035.900715 
(4,5) 11832.160239 227.278275 
11832.160239 
(4,11) 8231.090182 119.836392 
8231.090182 
(5,4) 11878.529995 230.830514 
11878.529995 
(5,6) 10649.701792 16.876086 
10649.701792 
(5,9) 12753.137389 36.743105 
12753.137389 
(6,2) 3927.192638 265.819926 
3927.192638 
(6,5) 10676.752571 17.007409 
10676.752571 
(6,8) 10523.794540 104.246193 
10523.794540 
(7,8) 13823.688461 7.345530 
13823.688461 
(7,18) 14129.249157 2.637670 
14129.249157 
(8,6) 10564.388082 105.832926 
10564.388082 
(8,7) 13763.746287 7.270646 
13763.746287 
(8,9) 0.000000 9999.000000 
0.000000 
(8,16) 7179.933409 54.196591 
7179.933409 
(9,5) 12772.456366 36.935885 
12772.456366 
(9,8) 0.000000 9999.000000 
0.000000 
(9,10) 18722.015574 26.589114 
18722.015574 
(10,9) 18841.334551 27.196239 
18841.334551 
(10,11) 38725.908802 173.681610 
38725.908802 
(10,15) 35930.706590 51.001480 
35930.706590 
(10,16) 16170.173006 77.838424 
16170.173006 
(10,17) 7792.599158 121.869297 
7792.599158 
(11,4) 8257.370720 121.297214 
8257.370720 
(11,10) 38560.267072 170.814076 
38560.267072 
(11,12) 17326.853663 145.704543 
17326.853663 
(11,14) 12041.684418 26.308191 
12041.684418 
(12,3) 13272.613807 4.062066 
13272.613807 
(12,11) 17287.236386 144.431199 
17287.236386 
(12,13) 15889.947017 4.020023 
15889.947017 
(13,12) 15964.136682 4.039206 
15964.136682 
(13,24) 8452.262419 76.922799 
8452.262419 
(14,11) 12041.940505 26.310088 
12041.940505 
(14,15) 2142.295749 248.214596 
2142.295749 
(14,23) 3091.590262 207.836624 
3091.590262 
(15,10) 36069.164431 51.699147 
36069.164431 
(15,14) 2149.905844 251.688947 
2149.905844 
(15,19) 18663.560091 22.413236 
18663.560091 
(15,22) 25397.469717 25.051477 
25397.469717 
(16,8) 7160.584776 53.668426 
7160.584776 
(16,10) 16206.147640 78.497709 
16206.147640 
(16,17) 8996.550316 44.030873 
8996.550316 
(16,18) 6655.971643 58.295054 
6655.971643 
(17,10) 7803.127390 122.485920 
7803.127390 
(17,16) 8994.921096 44.000435 
8994.921096 
(17,19) 9103.236893 62.871377 
9103.236893 
(18,7) 14189.191331 2.648561 
14189.191331 
(18,16) 6674.226864 58.904181 
6674.226864 
(18,20) 20319.717930 4.340958 
20319.717930 
(19,15) 18689.888668 22.523013 
18689.888668 
(19,17) 9112.135906 63.109749 
9112.135906 
(19,20) 14274.062411 43.770026 
14274.062411 
(20,18) 20297.915325 4.339497 
20297.915325 
(20,19) 14309.290000 44.164083 
14309.290000 
(20,21) 10500.292657 22.690762 
10500.292657 
(20,22) 6706.167543 41.567563 
6706.167543 
(21,20) 10433.981332 22.273117 
10433.981332 
(21,22) 14325.086274 18.886256 
14325.086274 
(21,24) 12436.315377 305.352791 
12436.315377 
(22,15) 25417.209077 25.120112 
25417.209077 
(22,20) 6685.903852 41.127585 
6685.903852 
(22,21) 14318.339878 18.854468 
14318.339878 
(22,23) 1682.147344 331.744620 
1682.147344 
(23,14) 3084.236253 205.904057 
3084.236253 
(23,22) 1674.876617 326.114824 
1674.876617 
(23,24) 10540.887130 7.567820 
10540.887130 
(24,13) 8426.452084 76.036145 
8426.452084 
(24,21) 12376.750448 299.601683 
12376.750448 
(24,23) 10526.262394 7.536985 
10526.262394 
