(1,2) 5142.493782 6.001399 
5142.493782 
(1,3) 7997.269060 4.130893 
7997.269060 
(2,1) 5197.269060 6.001459 
5197.269060 
(2,6) 4628.453306 14.112453 
4628.453306 
(3,1) 7942.493782 4.127344 
7942.493782 
(3,4) 15671.683446 4.422241 
15671.683446 
(3,12) 20043.419682 4.322788 
20043.419682 
(4,3) 15560.191098 4.410353 
15560.191098 
(4,5) 20060.416653 9.773221 
20060.416653 
(4,11) 7272.863577 75.386255 
7272.863577 
(5,4) 20033.054675 9.730898 
20033.054675 
(5,6) 8801.961442 10.008304 
8801.961442 
(5,9) 11244.414735 6.198971 
11244.414735 
(6,2) 4683.228584 14.551535 
4683.228584 
(6,5) 8815.002928 10.043993 
8815.002928 
(6,8) 14744.455224 26.623662 
14744.455224 
(7,8) 23353.646963 38.396947 
23353.646963 
(7,18) 26353.005899 9.716860 
26353.005899 
(8,6) 14812.271988 27.079821 
14812.271988 
(8,7) 23253.005899 37.790716 
23253.005899 
(8,9) 9761.751010 30.939688 
9761.751010 
(8,16) 7093.603799 51.872817 
7093.603799 
(9,5) 11204.011271 6.181831 
11204.011271 
(9,8) 9702.154474 30.432996 
9702.154474 
(9,10) 0.000000 9999.000000 
0.000000 
(10,9) 0.000000 9999.000000 
0.000000 
(10,11) 22816.252436 25.325373 
22816.252436 
(10,15) 19023.042138 9.535767 
19023.042138 
(10,16) 12900.753009 33.914655 
12900.753009 
(10,17) 5083.721355 28.625489 
5083.721355 
(11,4) 7288.733207 75.993852 
7288.733207 
(11,10) 22689.085585 24.876011 
22689.085585 
(11,12) 14099.109761 67.248924 
14099.109761 
(11,14) 8487.782843 9.506713 
8487.782843 
(12,3) 20100.136752 4.326457 
20100.136752 
(12,11) 14064.696028 66.653114 
14064.696028 
(12,13) 16289.175019 3.070404 
16289.175019 
(13,12) 16411.478357 3.072542 
16411.478357 
(13,24) 15215.830697 51.866771 
15215.830697 
(14,11) 8510.899354 9.566948 
8510.899354 
(14,15) 11638.336120 24.906427 
11638.336120 
(14,23) 8299.421571 8.839399 
8299.421571 
(15,10) 19014.542478 9.529452 
19014.542478 
(15,14) 11693.693641 25.287876 
11693.693641 
(15,19) 19827.264061 4.545436 
19827.264061 
(15,22) 18211.448402 8.829802 
18211.448402 
(16,8) 7120.376035 52.584451 
7120.376035 
(16,10) 12893.410865 33.846612 
12893.410865 
(16,17) 12959.728578 13.311703 
12959.728578 
(16,18) 25910.197030 4.352085 
25910.197030 
(17,10) 5126.730011 29.332369 
5126.730011 
(17,16) 12916.363164 13.161058 
12916.363164 
(17,19) 7043.449933 23.815817 
7043.449933 
(18,7) 26453.646963 9.835418 
26453.646963 
(18,16) 25972.992536 4.365241 
25972.992536 
(18,20) 23256.550067 4.585074 
23256.550067 
(19,15) 19842.986484 4.550344 
19842.986484 
(19,17) 7043.093175 23.811397 
7043.093175 
(19,20) 12584.170886 28.025030 
12584.170886 
(20,18) 23319.986637 4.591484 
23319.986637 
(20,19) 12599.536551 28.142586 
12599.536551 
(20,21) 9630.678850 17.811312 
9630.678850 
(20,22) 5689.910532 23.950478 
5689.910532 
(21,20) 9616.000437 17.739469 
9616.000437 
(21,22) 10079.572830 6.139166 
10079.572830 
(21,24) 6912.681295 31.862451 
6912.681295 
(22,15) 18142.583840 8.742122 
18142.583840 
(22,20) 5683.391180 23.863776 
5683.391180 
(22,21) 10102.026055 6.176171 
10102.026055 
(22,23) 12203.349629 25.290578 
12203.349629 
(23,14) 8267.180561 8.764637 
8267.180561 
(23,22) 12150.418939 24.923592 
12150.418939 
(23,24) 12425.452739 12.750420 
12425.452739 
(24,13) 15238.134034 52.148040 
15238.134034 
(24,21) 6875.549658 31.247289 
6875.549658 
(24,23) 12340.281039 12.458677 
12340.281039 
