(1,2) 5200.000000 6.001462 
5200.000000 
(1,3) 8004.925743 4.131395 
8004.925743 
(2,1) 5204.925743 6.001468 
5204.925743 
(2,6) 4600.000000 13.890437 
4600.000000 
(3,1) 8000.000000 4.131072 
8000.000000 
(3,4) 15165.644403 4.370290 
15165.644403 
(3,12) 10069.864567 4.020565 
10069.864567 
(4,3) 15153.679391 4.369122 
15153.679391 
(4,5) 18938.143470 8.174344 
18938.143470 
(4,11) 4934.034692 20.698076 
4934.034692 
(5,4) 18998.973517 8.254056 
18998.973517 
(5,6) 9248.905654 11.324795 
9248.905654 
(5,9) 14618.499928 8.425094 
14618.499928 
(6,2) 4604.925743 13.928578 
4604.925743 
(6,5) 9280.818812 11.426416 
9280.818812 
(6,8) 13219.643542 17.911704 
13219.643542 
(7,8) 17154.303891 13.304795 
17154.303891 
(7,18) 20192.897206 4.660201 
20192.897206 
(8,6) 13256.482443 18.089810 
13256.482443 
(8,7) 17092.897206 13.158035 
17092.897206 
(8,9) 8322.671110 21.063951 
8322.671110 
(8,16) 5511.060532 22.076311 
5511.060532 
(9,5) 14647.416816 8.452275 
14647.416816 
(9,8) 8284.314196 20.861394 
8284.314196 
(9,10) 17314.523645 20.256131 
17314.523645 
(10,9) 17405.083620 20.619991 
17405.083620 
(10,11) 20060.286176 17.145342 
20060.286176 
(10,15) 22336.070348 12.720334 
22336.070348 
(10,16) 11724.890216 24.410747 
11724.890216 
(10,17) 5347.016775 33.241983 
5347.016775 
(11,4) 4961.239634 21.024931 
4961.239634 
(11,10) 19953.017771 16.887639 
19953.017771 
(11,12) 9980.621174 21.380200 
9980.621174 
(11,14) 9518.435269 12.709187 
9518.435269 
(12,3) 10076.903836 4.020622 
10076.903836 
(12,11) 9977.854271 21.363152 
9977.854271 
(12,13) 14116.845665 3.039715 
14116.845665 
(13,12) 14221.118031 3.040901 
14221.118031 
(13,24) 12069.629654 22.950786 
12069.629654 
(14,11) 9541.138709 12.792578 
9541.138709 
(14,15) 10236.148926 16.911765 
10236.148926 
(14,23) 7661.597805 7.514613 
7661.597805 
(15,10) 22394.791634 12.791284 
22394.791634 
(15,14) 10283.183500 17.132215 
10283.183500 
(15,19) 18257.355120 4.111096 
18257.355120 
(15,22) 17088.336681 7.519340 
17088.336681 
(16,8) 5524.849662 22.247859 
5524.849662 
(16,10) 11758.633017 24.646722 
11758.633017 
(16,17) 11700.000000 9.514288 
11700.000000 
(16,18) 25390.033314 4.246736 
25390.033314 
(17,10) 5352.381067 33.343430 
5352.381067 
(17,16) 11689.992760 9.488612 
11689.992760 
(17,19) 6357.626173 16.481372 
6357.626173 
(18,7) 20254.303891 4.692708 
20254.303891 
(18,16) 25447.572485 4.258075 
25447.572485 
(18,20) 23606.467312 4.621089 
23606.467312 
(19,15) 18298.993156 4.121266 
18298.993156 
(19,17) 6352.983225 16.439115 
6352.983225 
(19,20) 10675.109784 16.440989 
10675.109784 
(20,18) 23625.413168 4.623086 
23625.413168 
(20,19) 10712.104872 16.614347 
10712.104872 
(20,21) 8654.635690 13.703103 
8654.635690 
(20,22) 5156.203517 17.779640 
5156.203517 
(21,20) 8622.172294 13.588175 
8622.172294 
(21,22) 8482.987783 4.076537 
8482.987783 
(21,24) 6038.798511 19.809285 
6038.798511 
(22,15) 17052.454505 7.481501 
17052.454505 
(22,20) 5144.607856 17.665068 
5144.607856 
(22,21) 8483.351448 4.076893 
8483.351448 
(22,23) 10813.832554 17.127735 
10813.832554 
(23,14) 7637.266671 7.470180 
7637.266671 
(23,22) 10766.718382 16.900444 
10766.718382 
(23,24) 10135.103509 6.758711 
10135.103509 
(24,13) 12073.902020 22.977633 
12073.902020 
(24,21) 6005.971450 19.446751 
6005.971450 
(24,23) 10063.658204 6.625941 
10063.658204 
