(1,2) 5100.000000 6.001353 
5100.000000 
(1,3) 7900.000000 4.124640 
7900.000000 
(2,1) 5100.000000 6.001353 
5100.000000 
(2,6) 4700.000000 14.689095 
4700.000000 
(3,1) 7900.000000 4.124640 
7900.000000 
(3,4) 14991.669601 4.353588 
14991.669601 
(3,12) 11651.981852 4.036866 
11651.981852 
(4,3) 14970.808865 4.351624 
14970.808865 
(4,5) 20553.474767 2.535380 
20553.474767 
(4,11) 5070.393008 22.391480 
5070.393008 
(5,4) 20622.374860 2.542595 
20622.374860 
(5,6) 8992.635743 10.546092 
8992.635743 
(5,9) 16020.491771 9.940429 
16020.491771 
(6,2) 4700.000000 14.689095 
4700.000000 
(6,5) 9030.065427 10.655760 
9030.065427 
(6,8) 13332.982995 18.464442 
13332.982995 
(7,8) 17179.628084 13.365780 
17179.628084 
(7,18) 20204.642166 2.166650 
20204.642166 
(8,6) 13370.412680 18.650105 
13370.412680 
(8,7) 17104.642166 13.185983 
17104.642166 
(8,9) 7974.709515 19.326502 
7974.709515 
(8,16) 5249.187054 19.054699 
5249.187054 
(9,5) 16051.962180 9.979363 
16051.962180 
(9,8) 7920.846225 19.077069 
7920.846225 
(9,10) 17067.447373 19.292042 
17067.447373 
(10,9) 17145.054492 19.590394 
17145.054492 
(10,11) 19400.655076 15.624949 
19400.655076 
(10,15) 23055.855656 13.629371 
23055.855656 
(10,16) 11175.006509 20.842823 
11175.006509 
(10,17) 5039.849751 27.922675 
5039.849751 
(11,4) 5080.632178 22.524286 
5080.632178 
(11,10) 19296.109992 15.397773 
19296.109992 
(11,12) 10209.270537 22.838777 
10209.270537 
(11,14) 9758.068794 13.619907 
9758.068794 
(12,3) 11672.842589 4.037131 
11672.842589 
(12,11) 10190.940329 22.718170 
10190.940329 
(12,13) 13980.079402 3.038198 
13980.079402 
(13,12) 14082.609930 3.039331 
14082.609930 
(13,24) 12217.390070 23.895975 
12217.390070 
(14,11) 9782.093089 13.714994 
9782.093089 
(14,15) 9896.381403 15.407237 
9896.381403 
(14,23) 8043.139605 8.268768 
8043.139605 
(15,10) 23108.485015 13.699272 
23108.485015 
(15,14) 9942.403196 15.602181 
9942.403196 
(15,19) 20798.335880 4.871175 
20798.335880 
(15,22) 17753.766110 8.265479 
17753.766110 
(16,8) 5265.494110 19.230163 
5265.494110 
(16,10) 11198.325278 20.983847 
11198.325278 
(16,17) 11523.630589 9.071339 
11523.630589 
(16,18) 21940.826748 3.695238 
21940.826748 
(17,10) 5046.053826 28.020956 
5046.053826 
(17,16) 11509.613562 9.036997 
11509.613562 
(17,19) 10766.283278 9.443428 
10766.283278 
(18,7) 20279.628084 2.169138 
20279.628084 
(18,16) 21994.469600 3.702062 
21994.469600 
(18,20) 20601.545916 4.360271 
20601.545916 
(19,15) 20827.831071 4.881812 
20827.831071 
(19,17) 10758.470326 9.421845 
10758.470326 
(19,20) 9039.865554 10.397546 
9039.865554 
(20,18) 20630.174687 4.362278 
20630.174687 
(20,19) 9061.547793 10.459145 
9061.547793 
(20,21) 7660.498243 10.728230 
7660.498243 
(20,22) 4962.516641 15.964942 
4962.516641 
(21,20) 7622.121475 10.634192 
7622.121475 
(21,22) 9478.506446 5.236712 
9478.506446 
(21,24) 5849.144590 17.795052 
5849.144590 
(22,15) 17722.922071 8.228982 
17722.922071 
(22,20) 4951.204418 15.865303 
4951.204418 
(22,21) 9474.925288 5.231823 
9474.925288 
(22,23) 10485.422278 15.604193 
10485.422278 
(23,14) 8021.142106 8.222260 
8021.142106 
(23,22) 10439.684858 15.403044 
10439.684858 
(23,24) 10470.776009 7.421157 
10470.776009 
(24,13) 12219.920598 23.912464 
12219.920598 
(24,21) 5814.348980 17.446128 
5814.348980 
(24,23) 10403.041090 7.282236 
10403.041090 
