(1,2) 6738.246726 6.004123 
6738.246726 
(1,3) 10166.295754 4.341823 
10166.295754 
(2,1) 6766.295754 6.004192 
6766.295754 
(2,6) 6742.028876 7.564096 
6742.028876 
(3,1) 10138.246726 4.338066 
10138.246726 
(3,4) 18852.711055 4.884287 
18852.711055 
(3,12) 15406.501420 4.112680 
15406.501420 
(4,3) 18836.423516 4.881235 
18836.423516 
(4,5) 21555.024235 2.647613 
21555.024235 
(4,11) 8497.686820 14.082293 
8497.686820 
(5,4) 21615.507873 2.654912 
21615.507873 
(5,6) 8928.103756 10.360203 
8928.103756 
(5,9) 18112.686655 13.072216 
18112.686655 
(6,2) 6770.077904 7.607033 
6770.077904 
(6,5) 8948.032387 10.417181 
8948.032387 
(6,8) 14484.366457 24.931673 
14484.366457 
(7,8) 18300.320320 16.346941 
18300.320320 
(7,18) 21328.702916 2.206946 
21328.702916 
(8,6) 14532.344115 25.237019 
14532.344115 
(8,7) 18228.702916 16.139233 
18228.702916 
(8,9) 8581.489238 22.505756 
8581.489238 
(8,16) 5497.309667 21.906517 
5497.309667 
(9,5) 18153.241662 13.144755 
18153.241662 
(9,8) 8541.646127 22.275116 
8541.646127 
(9,10) 16971.040528 18.927041 
16971.040528 
(10,9) 17071.752423 19.308486 
17071.752423 
(10,11) 21476.497559 20.955672 
21476.497559 
(10,15) 26935.912431 20.213156 
26935.912431 
(10,16) 12065.744202 26.889706 
12065.744202 
(10,17) 8225.152075 16.833505 
8225.152075 
(11,4) 8520.915643 14.171029 
8520.915643 
(11,10) 21343.163089 20.563110 
21343.163089 
(11,12) 10255.581916 23.146399 
10255.581916 
(11,14) 0.000000 9999.000000 
0.000000 
(12,3) 15394.739931 4.112336 
15394.739931 
(12,11) 10245.476269 23.078916 
10245.476269 
(12,13) 19047.178709 3.131620 
19047.178709 
(13,12) 19125.311573 3.133793 
19125.311573 
(13,24) 12647.178709 26.846837 
12647.178709 
(14,11) 0.000000 9999.000000 
0.000000 
(14,15) 11779.375198 25.889053 
11779.375198 
(14,23) 8627.043106 9.649995 
8627.043106 
(15,10) 26984.403012 20.315780 
26984.403012 
(15,14) 11814.915311 26.142298 
11814.915311 
(15,19) 19934.545510 4.579157 
19934.545510 
(15,22) 18823.807708 9.654352 
18823.807708 
(16,8) 5513.513034 22.106729 
5513.513034 
(16,10) 12129.996066 27.381178 
12129.996066 
(16,17) 12053.049188 10.463151 
12053.049188 
(16,18) 20692.827306 3.550048 
20692.827306 
(17,10) 8246.455995 16.925380 
8246.455995 
(17,16) 12036.750809 10.417468 
12036.750809 
(17,19) 10184.555937 7.960438 
10184.555937 
(18,7) 21400.320320 2.209740 
21400.320320 
(18,16) 20789.580916 3.560408 
20789.580916 
(18,20) 21132.352923 4.398861 
21132.352923 
(19,15) 19947.590045 4.583295 
19947.590045 
(19,17) 10189.561478 7.972164 
10189.561478 
(19,20) 9049.610388 10.425176 
9049.610388 
(20,18) 21200.723937 4.404048 
21200.723937 
(20,19) 9067.660465 10.476592 
9067.660465 
(20,21) 8801.970477 14.241195 
8801.970477 
(20,22) 0.000000 9999.000000 
0.000000 
(21,20) 8788.391567 14.190457 
8788.391567 
(21,22) 12053.476903 10.464352 
12053.476903 
(21,24) 0.000000 9999.000000 
0.000000 
(22,15) 18794.793867 9.613421 
18794.793867 
(22,20) 0.000000 9999.000000 
0.000000 
(22,21) 12039.897993 10.426274 
12039.897993 
(22,23) 12323.001354 26.137941 
12323.001354 
(23,14) 8591.502993 9.557465 
8591.502993 
(23,22) 12280.408602 25.833457 
12280.408602 
(23,24) 13737.916665 18.064235 
13737.916665 
(24,13) 12625.311573 26.689236 
12625.311573 
(24,21) 0.000000 9999.000000 
0.000000 
(24,23) 13659.783800 17.701887 
13659.783800 
