(1,2) 8626.684543 6.011077 
8626.684543 
(1,3) 12055.791224 4.675978 
12055.791224 
(2,1) 8655.791224 6.011227 
8655.791224 
(2,6) 7826.684543 79.508030 
7826.684543 
(3,1) 12026.684543 4.669474 
12026.684543 
(3,4) 12112.611149 4.150678 
12112.611149 
(3,12) 10164.344286 4.021348 
10164.344286 
(4,3) 12063.897152 4.148268 
12063.897152 
(4,5) 12880.346238 3.321148 
12880.346238 
(4,11) 6338.654549 46.035017 
6338.654549 
(5,4) 12917.969123 3.336652 
12917.969123 
(5,6) 1794.551549 91.015505 
1794.551549 
(5,9) 15072.993883 66.941160 
15072.993883 
(6,2) 7855.791224 80.622581 
7855.791224 
(6,5) 1799.037283 91.888802 
1799.037283 
(6,8) 9534.036898 70.875540 
9534.036898 
(7,8) 16351.190463 11.506374 
16351.190463 
(7,18) 19398.614935 4.265702 
19398.614935 
(8,6) 9567.629314 71.851393 
9567.629314 
(8,7) 16298.614935 11.397495 
16298.614935 
(8,9) 6786.047630 88.243253 
6786.047630 
(8,16) 5244.539286 19.004987 
5244.539286 
(9,5) 15106.131033 67.487656 
15106.131033 
(9,8) 6754.850446 86.814328 
6754.850446 
(9,10) 16963.876560 18.900165 
16963.876560 
(10,9) 17065.816525 19.285816 
17065.816525 
(10,11) 26806.698185 43.728846 
26806.698185 
(10,15) 19529.995756 113.238012 
19529.995756 
(10,16) 16647.492123 86.950504 
16647.492123 
(10,17) 7698.016325 116.440772 
7698.016325 
(11,4) 6352.317667 46.381320 
6352.317667 
(11,10) 26702.021919 43.127458 
26702.021919 
(11,12) 12714.663793 46.508972 
12714.663793 
(11,14) 17527.633752 104.140221 
17527.633752 
(12,3) 10183.951602 4.021513 
10183.951602 
(12,11) 12691.001122 46.208255 
12691.001122 
(12,13) 15163.313548 3.845856 
15163.313548 
(13,12) 15259.258193 3.867468 
15259.258193 
(13,24) 9363.313548 113.822091 
9363.313548 
(14,11) 17560.283275 104.888451 
17560.283275 
(14,15) 7223.063984 52.253673 
7223.063984 
(14,23) 9234.658456 11.417944 
9234.658456 
(15,10) 19577.298852 114.280746 
19577.298852 
(15,14) 7255.889003 53.118518 
7255.889003 
(15,19) 8605.848904 76.038780 
8605.848904 
(15,22) 19936.444168 11.372722 
19936.444168 
(16,8) 5256.753359 19.135909 
5256.753359 
(16,10) 16704.821583 88.099056 
16704.821583 
(16,17) 8194.727462 30.933596 
8194.727462 
(16,18) 18327.474004 3.338479 
18327.474004 
(17,10) 7700.000000 116.552591 
7700.000000 
(17,16) 8200.000000 31.008132 
8200.000000 
(17,19) 10092.743786 93.974353 
10092.743786 
(18,7) 19451.190463 4.290365 
19451.190463 
(18,16) 18391.744999 3.343252 
18391.744999 
(18,20) 14386.313158 110.247164 
14386.313158 
(19,15) 8619.548265 76.504964 
8619.548265 
(19,17) 10100.000000 94.239139 
10100.000000 
(19,20) 9343.988843 11.302890 
9343.988843 
(20,18) 14403.159680 110.745705 
14403.159680 
(20,19) 9364.944418 11.368623 
9364.944418 
(20,21) 14002.468772 58.782382 
14002.468772 
(20,22) 7932.285242 76.580004 
7932.285242 
(21,20) 13957.136935 58.102180 
13957.136935 
(21,22) 14088.404702 17.797619 
14088.404702 
(21,24) 8847.592745 80.454663 
8847.592745 
(22,15) 19902.872921 11.316469 
19902.872921 
(22,20) 7915.419177 75.973153 
7915.419177 
(22,21) 14104.729680 17.870969 
14104.729680 
(22,23) 7516.059720 53.017607 
7516.059720 
(23,14) 9234.482961 11.417380 
9234.482961 
(23,22) 7481.947385 52.133763 
7481.947385 
(23,24) 4611.665448 45.314929 
4611.665448 
(24,13) 9359.258193 113.631954 
9359.258193 
(24,21) 8785.935931 78.318073 
8785.935931 
(24,23) 4577.377617 44.041035 
4577.377617 
