(1,2) 4000.000000 6.000512 
4000.000000 
(1,3) 12600.000000 20.102158 
12600.000000 
(2,1) 4000.000000 6.000512 
4000.000000 
(2,6) 0.000000 9999.000000 
0.000000 
(3,1) 12600.000000 20.102158 
12600.000000 
(3,4) 13212.168018 4.213302 
13212.168018 
(3,12) 8940.721900 4.230163 
8940.721900 
(4,3) 5673.506817 4.007253 
5673.506817 
(4,5) 9939.584393 230.036082 
9939.584393 
(4,11) 8405.945552 129.822045 
8405.945552 
(5,4) 0.000000 9999.000000 
0.000000 
(5,6) 13302.393742 35.343917 
13302.393742 
(5,9) 14550.974234 8.362246 
14550.974234 
(6,2) 0.000000 9999.000000 
0.000000 
(6,5) 11150.974234 19.476948 
11150.974234 
(6,8) 13702.393742 20.366377 
13702.393742 
(7,8) 13638.889290 7.117778 
13638.889290 
(7,18) 20676.777954 4.924499 
20676.777954 
(8,6) 11550.974234 11.274963 
11550.974234 
(8,7) 16556.010018 11.940662 
16556.010018 
(8,9) 5300.065485 39.114158 
5300.065485 
(8,16) 4335.420568 578.575675 
4335.420568 
(9,5) 6762.809348 5.156881 
6762.809348 
(9,8) 6089.036845 60.719352 
6089.036845 
(9,10) 22641.134027 53.453806 
22641.134027 
(10,9) 15741.940501 14.790556 
15741.940501 
(10,11) 39760.176809 192.436640 
39760.176809 
(10,15) 31981.573580 34.246398 
31981.573580 
(10,16) 8254.654614 634.299868 
8254.654614 
(10,17) 0.000000 9999.000000 
0.000000 
(11,4) 10906.868744 356.955480 
10906.868744 
(11,10) 33566.837222 100.214470 
33566.837222 
(11,12) 21772.084461 354.282570 
21772.084461 
(11,14) 12134.910319 27.007089 
12134.910319 
(12,3) 16479.383101 6.656500 
16479.383101 
(12,11) 16817.039154 129.973779 
16817.039154 
(12,13) 14559.339433 3.718930 
14559.339433 
(13,12) 17242.955326 4.414382 
17242.955326 
(13,24) 10337.430901 167.163089 
10337.430901 
(14,11) 13497.539231 39.215493 
13497.539231 
(14,15) 8777.740862 108.057770 
8777.740862 
(14,23) 12094.498057 25.824865 
12094.498057 
(15,10) 31155.627729 31.439571 
31155.627729 
(15,14) 10087.250087 184.738401 
10087.250087 
(15,19) 29071.211616 10.142538 
29071.211616 
(15,22) 11235.683737 40.046487 
11235.683737 
(16,8) 4312.150429 566.359920 
4312.150429 
(16,10) 8274.746526 640.458934 
8274.746526 
(16,17) 14001.688264 17.412248 
14001.688264 
(16,18) 15329.666506 555.645792 
15329.666506 
(17,10) 0.000000 9999.000000 
0.000000 
(17,16) 13955.738305 17.210926 
13955.738305 
(17,19) 15983.436538 580.509362 
15983.436538 
(18,7) 17759.657225 3.591689 
17759.657225 
(18,16) 15372.438239 561.839464 
15372.438239 
(18,20) 24500.682909 22.731996 
24500.682909 
(19,15) 29867.230080 10.957558 
29867.230080 
(19,17) 15937.486579 573.885487 
15937.486579 
(19,20) 12030.563799 24.068247 
12030.563799 
(20,18) 21526.333913 15.162246 
21526.333913 
(20,19) 12780.632304 29.560825 
12780.632304 
(20,21) 11685.782197 31.603639 
11685.782197 
(20,22) 6431.107170 35.927258 
6431.107170 
(21,20) 10080.508502 20.177521 
10080.508502 
(21,22) 8694.464947 4.291479 
8694.464947 
(21,24) 10745.134546 171.497905 
10745.134546 
(22,15) 10823.228647 34.898946 
10823.228647 
(22,20) 5712.100374 24.247829 
5712.100374 
(22,21) 8499.670114 4.092920 
8499.670114 
(22,23) 10207.438558 170.747109 
10207.438558 
(23,14) 12147.617745 26.210822 
12147.617745 
(23,22) 8881.181838 99.559587 
8881.181838 
(23,24) 8910.638666 4.843229 
8910.638666 
(24,13) 12921.046794 402.255919 
12921.046794 
(24,21) 9334.655685 98.971059 
9334.655685 
(24,23) 7637.501634 3.534553 
7637.501634 
