(1,2) 0.000000 9999.000000 
0.000000 
(1,3) 8800.000000 4.191903 
8800.000000 
(2,1) 0.000000 9999.000000 
0.000000 
(2,6) 4000.000000 10.083136 
4000.000000 
(3,1) 8800.000000 4.191903 
8800.000000 
(3,4) 13379.679560 4.224327 
13379.679560 
(3,12) 13649.059501 4.069413 
13649.059501 
(4,3) 13093.026372 4.205711 
13093.026372 
(4,5) 16758.837364 5.786315 
16758.837364 
(4,11) 7387.534337 79.866876 
7387.534337 
(5,4) 16438.136373 5.504706 
16438.136373 
(5,6) 14686.124676 50.565355 
14686.124676 
(5,9) 7390.062959 433.609198 
7390.062959 
(6,2) 4000.000000 10.083136 
4000.000000 
(6,5) 14190.436306 44.589815 
14190.436306 
(6,8) 14865.699188 409.098093 
14865.699188 
(7,8) 18491.670990 16.913987 
18491.670990 
(7,18) 23050.046051 6.516554 
23050.046051 
(8,6) 14370.010818 357.456194 
14370.010818 
(8,7) 18806.078547 17.884695 
18806.078547 
(8,9) 1647.061321 104.717521 
1647.061321 
(8,16) 1324.695469 10112.999805 
1324.695469 
(9,5) 7565.050337 475.669680 
7565.050337 
(9,8) 1901.431593 178.234117 
1901.431593 
(9,10) 15781.091785 14.908290 
15781.091785 
(10,9) 16310.449435 16.588294 
16310.449435 
(10,11) 22942.481830 412.476881 
22942.481830 
(10,15) 32900.638507 37.635964 
32900.638507 
(10,16) 8740.774689 10137.484017 
8740.774689 
(10,17) 10108.622664 330.437268 
10108.622664 
(11,4) 7521.582141 85.375869 
7521.582141 
(11,10) 22379.539242 373.931681 
22379.539242 
(11,12) 15047.545917 85.468389 
15047.545917 
(11,14) 12852.338927 32.949700 
12852.338927 
(12,3) 13935.712689 4.075430 
13935.712689 
(12,11) 14774.453358 79.854572 
14774.453358 
(12,13) 14240.518088 3.657996 
14240.518088 
(13,12) 14354.078718 3.679237 
14354.078718 
(13,24) 8826.146504 90.707361 
8826.146504 
(14,11) 12796.536701 32.450190 
12796.536701 
(14,15) 4897.314820 378.801192 
4897.314820 
(14,23) 10941.237288 18.617258 
10941.237288 
(15,10) 30062.902472 28.054001 
30062.902472 
(15,14) 4989.663676 407.803915 
4989.663676 
(15,19) 16627.943441 15.231343 
16627.943441 
(15,22) 28247.416200 36.743551 
28247.416200 
(16,8) 889.044383 10022.127766 
889.044383 
(16,10) 8678.765205 9852.970605 
8678.765205 
(16,17) 15423.385875 8658.457956 
15423.385875 
(16,18) 1108.804536 9999.015114 
1108.804536 
(17,10) 14000.668420 1194.512649 
14000.668420 
(17,16) 6316.211092 9806.834969 
6316.211092 
(17,19) 19222.717455 1212.288418 
19222.717455 
(18,7) 22735.638495 6.275123 
22735.638495 
(18,16) 9718.318750 10088.191019 
9718.318750 
(18,20) 18587.494938 7.819737 
18587.494938 
(19,15) 17985.909741 19.743630 
17985.909741 
(19,17) 14007.588429 343.258312 
14007.588429 
(19,20) 17756.107445 99.226225 
17756.107445 
(20,18) 26782.601596 20.464973 
26782.601596 
(20,19) 13898.944719 39.751381 
13898.944719 
(20,21) 8968.649713 14.883391 
8968.649713 
(20,22) 6581.239919 38.917928 
6581.239919 
(21,20) 11827.385600 32.867395 
11827.385600 
(21,22) 15302.039764 23.985770 
15302.039764 
(21,24) 12871.824627 349.982467 
12871.824627 
(22,15) 24044.062721 20.713618 
24044.062721 
(22,20) 7960.447964 77.601979 
7960.447964 
(22,21) 18071.834686 44.771389 
18071.834686 
(22,23) 12360.968713 362.592535 
12360.968713 
(23,14) 10793.086206 17.841487 
10793.086206 
(23,22) 12306.618201 356.327161 
12306.618201 
(23,24) 6333.918635 41.000757 
6333.918635 
(24,13) 8839.707134 91.241465 
8839.707134 
(24,21) 12960.765591 359.672559 
12960.765591 
(24,23) 6131.417041 36.247316 
6131.417041 
