(1,2) 4567.607052 6.013929 
4567.607052 
(1,3) 7598.434963 4.106671 
7598.434963 
(2,1) 4585.577930 6.014149 
4585.577930 
(2,6) 6367.607052 37.643505 
6367.607052 
(3,1) 7580.464084 4.105665 
7580.464084 
(3,4) 12684.182779 4.181196 
12684.182779 
(3,12) 8809.813806 7.649048 
8809.813806 
(4,3) 12628.300510 4.178024 
12628.300510 
(4,5) 14240.946386 35.591173 
14240.946386 
(4,11) 6602.478897 53.128082 
6602.478897 
(5,4) 14280.530649 35.966214 
14280.530649 
(5,6) 7934.960526 7.968379 
7934.960526 
(5,9) 14605.985859 59.614096 
14605.985859 
(6,2) 6385.577930 38.013578 
6385.577930 
(6,5) 7945.684960 7.989876 
7945.684960 
(6,8) 10302.567579 95.916001 
10302.567579 
(7,8) 16459.240820 11.733456 
16459.240820 
(7,18) 19690.543414 4.405198 
19690.543414 
(8,6) 10331.262890 96.966702 
10331.262890 
(8,7) 16411.389555 11.632337 
16411.389555 
(8,9) 5548.927176 44.979644 
5548.927176 
(8,16) 5310.280918 19.720526 
5310.280918 
(9,5) 14634.845689 60.047023 
14634.845689 
(9,8) 5519.102895 44.233653 
5519.102895 
(9,10) 17486.882965 20.953571 
17486.882965 
(10,9) 17585.918513 21.363753 
17585.918513 
(10,11) 29796.624776 64.119337 
29796.624776 
(10,15) 26320.005104 18.957095 
26320.005104 
(10,16) 13782.684169 42.972563 
13782.684169 
(10,17) 6805.252621 74.229930 
6805.252621 
(11,4) 6607.012365 53.257654 
6607.012365 
(11,10) 29658.600327 63.031510 
29658.600327 
(11,12) 12985.344474 50.070259 
12985.344474 
(11,14) 11636.454676 23.453516 
11636.454676 
(12,3) 8847.725196 7.712266 
8847.725196 
(12,11) 12955.034709 49.660230 
12955.034709 
(12,13) 14154.779097 3.642292 
14154.779097 
(13,12) 14262.380722 3.662046 
14262.380722 
(13,24) 8133.932956 66.542292 
8133.932956 
(14,11) 11633.273460 23.432252 
11633.273460 
(14,15) 3776.244384 67.331885 
3776.244384 
(14,23) 9007.807672 10.715473 
9007.807672 
(15,10) 26408.319270 19.131877 
26408.319270 
(15,14) 3795.165402 68.590571 
3795.165402 
(15,19) 17912.240078 19.470986 
17912.240078 
(15,22) 19534.647276 10.717883 
19534.647276 
(16,8) 5320.949246 19.839177 
5320.949246 
(16,10) 13823.444400 43.435635 
13823.444400 
(16,17) 8735.853949 39.366792 
8735.853949 
(16,18) 21782.315398 3.675363 
21782.315398 
(17,10) 6813.238222 74.541347 
6813.238222 
(17,16) 8726.709044 39.210572 
8726.709044 
(17,19) 7860.052734 35.832305 
7860.052734 
(18,7) 19738.394679 4.428663 
19738.394679 
(18,16) 21842.888862 3.682907 
21842.888862 
(18,20) 19323.074578 8.461233 
19323.074578 
(19,15) 17947.615940 19.601489 
17947.615940 
(19,17) 7858.893430 35.812349 
7858.893430 
(19,20) 10479.691377 15.554721 
10479.691377 
(20,18) 19331.499307 8.469018 
19331.499307 
(20,19) 10513.907935 15.706368 
10513.907935 
(20,21) 9995.398335 19.704745 
9995.398335 
(20,22) 5740.113036 24.628188 
5740.113036 
(21,20) 9954.021779 19.479224 
9954.021779 
(21,22) 9240.331108 4.923442 
9240.331108 
(21,24) 8489.034079 68.641755 
8489.034079 
(22,15) 19506.506598 10.673507 
19506.506598 
(22,20) 5724.130879 24.410497 
5724.130879 
(22,21) 9244.873713 4.929195 
9244.873713 
(22,23) 8053.067163 68.600592 
8053.067163 
(23,14) 8985.705439 10.649805 
8985.705439 
(23,22) 8013.486933 67.339896 
8013.486933 
(23,24) 8996.819799 4.954831 
8996.819799 
(24,13) 8141.534582 66.776418 
8141.534582 
(24,21) 8443.114918 67.232951 
8443.114918 
(24,23) 8935.137336 4.874627 
8935.137336 
