(1,2) 5051.462635 6.001302 
5051.462635 
(1,3) 7948.537365 4.127732 
7948.537365 
(2,1) 5055.814746 6.001307 
5055.814746 
(2,6) 4651.462635 14.295011 
4651.462635 
(3,1) 7944.185254 4.127452 
7944.185254 
(3,4) 14674.797205 4.324628 
14674.797205 
(3,12) 12297.383322 4.045738 
12297.383322 
(4,3) 14641.568575 4.321698 
14641.568575 
(4,5) 21863.000457 2.685426 
21863.000457 
(4,11) 5266.389151 25.076710 
5266.389151 
(5,4) 21924.743966 2.693201 
21924.743966 
(5,6) 9807.400782 13.260827 
9807.400782 
(5,9) 16785.221899 10.953462 
16785.221899 
(6,2) 4655.814746 14.329847 
4655.814746 
(6,5) 9848.678121 13.417722 
9848.678121 
(6,8) 14029.241194 22.182476 
14029.241194 
(7,8) 17151.483104 13.298019 
17151.483104 
(7,18) 20542.330463 2.178073 
20542.330463 
(8,6) 14074.870643 22.446330 
14074.870643 
(8,7) 17089.283823 13.149448 
17089.283823 
(8,9) 4481.532302 24.882826 
4481.532302 
(8,16) 5238.673802 18.942440 
5238.673802 
(9,5) 16805.688070 10.982552 
16805.688070 
(9,8) 4451.561589 24.488680 
4451.561589 
(9,10) 16948.699305 18.843339 
16948.699305 
(10,9) 17039.194763 19.184433 
17039.194763 
(10,11) 21112.697599 19.901712 
21112.697599 
(10,15) 24438.839868 15.631327 
24438.839868 
(10,16) 11750.887474 24.592374 
11750.887474 
(10,17) 5193.204873 30.460484 
5193.204873 
(11,4) 5271.417012 25.149665 
5271.417012 
(11,10) 21006.813057 19.605013 
21006.813057 
(11,12) 9971.828693 21.326075 
9971.828693 
(11,14) 10238.155228 15.657414 
10238.155228 
(12,3) 12326.259840 4.046170 
12326.259840 
(12,11) 9958.844145 21.246405 
9958.844145 
(12,13) 13169.212014 3.481237 
13169.212014 
(13,12) 13285.103986 3.498402 
13285.103986 
(13,24) 12398.109774 25.099559 
12398.109774 
(14,11) 10250.283095 15.712749 
10250.283095 
(14,15) 5384.346936 19.590893 
5384.346936 
(14,23) 8132.852963 8.462434 
8132.852963 
(15,10) 24503.546762 15.733736 
24503.546762 
(15,14) 5414.553854 19.921086 
5414.553854 
(15,19) 21526.612151 5.147350 
21526.612151 
(15,22) 17915.067214 8.459459 
17915.067214 
(16,8) 5252.074684 19.085651 
5252.074684 
(16,10) 11776.978090 24.775870 
11776.978090 
(16,17) 11902.275866 10.047564 
11902.275866 
(16,18) 21212.258022 3.607392 
21212.258022 
(17,10) 5198.787363 30.557217 
5198.787363 
(17,16) 11892.067054 10.019989 
11892.067054 
(17,19) 10847.519457 9.670638 
10847.519457 
(18,7) 20604.529744 2.180240 
20604.529744 
(18,16) 21261.958331 3.613104 
21261.958331 
(18,20) 19831.152694 4.309330 
19831.152694 
(19,15) 21549.319775 5.156425 
21549.319775 
(19,17) 10842.893135 9.657561 
10842.893135 
(19,20) 9483.719016 11.749617 
9483.719016 
(20,18) 19843.052284 4.310073 
19843.052284 
(20,19) 9501.800318 11.808886 
9501.800318 
(20,21) 6608.398189 8.618517 
6608.398189 
(20,22) 7480.491414 8.538335 
7480.491414 
(21,20) 6593.340115 8.594732 
6593.340115 
(21,22) 7529.146178 3.288627 
7529.146178 
(21,24) 6342.454951 23.453924 
6342.454951 
(22,15) 17887.273402 8.425658 
17887.273402 
(22,20) 7425.530381 8.435487 
7425.530381 
(22,21) 7550.843003 3.303545 
7550.843003 
(22,23) 11349.734883 19.929939 
11349.734883 
(23,14) 8114.773912 8.422887 
8114.773912 
(23,22) 11288.676862 19.589903 
11288.676862 
(23,24) 10171.546794 6.827525 
10171.546794 
(24,13) 12414.001745 25.207949 
12414.001745 
(24,21) 6305.700053 22.983903 
6305.700053 
(24,23) 10092.409721 6.679032 
10092.409721 
