(1,2) 4982.833018 6.001233 
4982.833018 
(1,3) 7817.166982 4.119494 
7817.166982 
(2,1) 4987.466542 6.001238 
4987.466542 
(2,6) 4782.833018 15.390409 
4782.833018 
(3,1) 7812.533458 4.119211 
7812.533458 
(3,4) 15938.339866 4.451721 
15938.339866 
(3,12) 13745.139801 4.071388 
13745.139801 
(4,3) 15957.673259 4.453917 
15957.673259 
(4,5) 23144.460656 2.860814 
23144.460656 
(4,11) 5433.824188 27.620912 
5433.824188 
(5,4) 23245.847826 2.875997 
23245.847826 
(5,6) 9844.408241 13.401400 
9844.408241 
(5,9) 17800.052415 12.529158 
17800.052415 
(6,2) 4787.466542 15.430732 
4787.466542 
(6,5) 9908.037747 13.646831 
9908.037747 
(6,8) 14427.241259 24.572045 
14427.241259 
(7,8) 17742.782655 14.793261 
17742.782655 
(7,18) 20772.436649 2.186187 
20772.436649 
(8,6) 14495.504289 25.002288 
14495.504289 
(8,7) 17648.598673 14.544839 
17648.598673 
(8,9) 4568.891645 26.077656 
4568.891645 
(8,16) 5358.939362 20.267528 
5358.939362 
(9,5) 17837.810079 12.593245 
17837.810079 
(9,8) 4521.088003 25.415270 
4521.088003 
(9,10) 17334.161041 20.334549 
17334.161041 
(10,9) 17424.115063 20.697183 
17424.115063 
(10,11) 22140.513145 23.022374 
22140.513145 
(10,15) 25947.309943 18.238639 
25947.309943 
(10,16) 11888.684536 25.575406 
11888.684536 
(10,17) 5261.139585 31.659011 
5261.139585 
(11,4) 5451.770411 27.907959 
5451.770411 
(11,10) 22018.388326 22.628013 
22018.388326 
(11,12) 10023.788220 21.648014 
10023.788220 
(11,14) 11350.549113 21.610954 
11350.549113 
(12,3) 13721.172884 4.070892 
13721.172884 
(12,11) 10017.189000 21.606847 
10017.189000 
(12,13) 14668.928021 3.740821 
14668.928021 
(13,12) 14738.361884 3.754948 
14738.361884 
(13,24) 11301.080910 18.565701 
11301.080910 
(14,11) 11352.969737 21.625981 
11352.969737 
(14,15) 0.000000 9999.000000 
0.000000 
(14,23) 10853.455763 18.153777 
10853.455763 
(15,10) 26015.177135 18.367187 
26015.177135 
(15,14) 0.000000 9999.000000 
0.000000 
(15,19) 20500.343109 4.766219 
20500.343109 
(15,22) 18367.982799 9.032839 
18367.982799 
(16,8) 5380.822052 20.518433 
5380.822052 
(16,10) 11930.290729 25.879020 
11930.290729 
(16,17) 11670.452890 9.438669 
11670.452890 
(16,18) 20523.387138 3.532252 
20523.387138 
(17,10) 5263.745041 31.705912 
5263.745041 
(17,16) 11692.839273 9.495909 
11692.839273 
(17,19) 10446.202690 8.596956 
10446.202690 
(18,7) 20866.620631 2.189587 
20866.620631 
(18,16) 20564.489637 3.536529 
20564.489637 
(18,20) 18980.604483 4.259579 
18980.604483 
(19,15) 20429.028229 4.741770 
20429.028229 
(19,17) 10471.194529 8.660314 
10471.194529 
(19,20) 9029.148580 10.367262 
9029.148580 
(20,18) 19015.890965 4.261515 
19015.890965 
(20,19) 8982.825539 10.237598 
8982.825539 
(20,21) 6512.540067 8.469859 
6512.540067 
(20,22) 8200.000000 10.108976 
8200.000000 
(21,20) 6401.503508 8.305677 
6401.503508 
(21,22) 8220.780387 3.831456 
8220.780387 
(21,24) 7145.980600 35.960547 
7145.980600 
(22,15) 18407.164872 9.084480 
18407.164872 
(22,20) 8200.000000 10.108976 
8200.000000 
(22,21) 8138.099261 3.758880 
8138.099261 
(22,23) 13480.191886 35.699728 
13480.191886 
(23,14) 10855.876387 18.166407 
10855.876387 
(23,22) 13436.692833 35.292538 
13436.692833 
(23,24) 8180.432651 4.019676 
8180.432651 
(24,13) 11270.514773 18.408755 
11270.514773 
(24,21) 7117.625167 35.440499 
7117.625167 
(24,23) 8139.354221 3.979413 
8139.354221 
