(1,2) 8170.805876 6.008914 
8170.805876 
(1,3) 12423.705796 4.762350 
12423.705796 
(2,1) 8223.705796 6.009147 
8223.705796 
(2,6) 8857.128088 127.197822 
8857.128088 
(3,1) 12370.805876 4.749449 
12370.805876 
(3,4) 8829.057818 8.602060 
8829.057818 
(3,12) 11780.207363 4.038516 
11780.207363 
(4,3) 8735.148678 8.409365 
8735.148678 
(4,5) 16096.680475 119.092042 
16096.680475 
(4,11) 6255.694992 43.979911 
6255.694992 
(5,4) 16190.843670 121.856062 
16190.843670 
(5,6) 9104.512406 10.877979 
9104.512406 
(5,9) 15578.490281 75.677750 
15578.490281 
(6,2) 8910.028008 130.143426 
8910.028008 
(6,5) 9384.954814 11.765382 
9384.954814 
(6,8) 13675.318282 293.546262 
13675.318282 
(7,8) 11223.665370 4.888364 
11223.665370 
(7,18) 13961.229098 33.139446 
13961.229098 
(8,6) 14008.660610 323.028922 
14008.660610 
(8,7) 10901.149618 4.680491 
10901.149618 
(8,9) 4443.687423 270.798269 
4443.687423 
(8,16) 6630.807156 40.786476 
6630.807156 
(9,5) 15392.211068 72.357396 
15392.211068 
(9,8) 4296.173921 237.854764 
4296.173921 
(9,10) 21138.454660 41.334885 
21138.454660 
(10,9) 20904.661946 39.666869 
20904.661946 
(10,11) 14068.546759 196.858484 
14068.546759 
(10,15) 33720.128359 40.907652 
33720.128359 
(10,16) 21465.303826 233.283032 
21465.303826 
(10,17) 1876.355671 2218.630773 
1876.355671 
(11,4) 6167.622656 41.885819 
6167.622656 
(11,10) 14071.277126 197.007467 
14071.277126 
(11,12) 12473.968210 43.527552 
12473.968210 
(11,14) 13444.867864 38.669018 
13444.867864 
(12,3) 11821.216584 4.039055 
11821.216584 
(12,11) 12493.036416 43.757543 
12493.036416 
(12,13) 14578.307762 3.722684 
14578.307762 
(13,12) 14738.385189 3.754952 
14738.385189 
(13,24) 9520.777677 121.398119 
9520.777677 
(14,11) 13440.457689 38.623552 
13440.457689 
(14,15) 10286.881235 199.394791 
10286.881235 
(14,23) 6167.255398 55.832853 
6167.255398 
(15,10) 32530.518180 36.236233 
32530.518180 
(15,14) 10220.598297 194.432722 
10220.598297 
(15,19) 15215.002283 273.367988 
15215.002283 
(15,22) 22640.411404 16.925575 
22640.411404 
(16,8) 6789.147235 44.329122 
6789.147235 
(16,10) 22309.781539 271.550044 
22309.781539 
(16,17) 0.000000 9999.000000 
0.000000 
(16,18) 18109.497093 3.322661 
18109.497093 
(17,10) 1884.965055 2259.483497 
1884.965055 
(17,16) 0.000000 9999.000000 
0.000000 
(17,19) 21515.034945 1901.319252 
21515.034945 
(18,7) 14283.744849 36.118082 
14283.744849 
(18,16) 19112.314884 3.400290 
19112.314884 
(18,20) 19880.197566 65.290550 
19880.197566 
(19,15) 15866.467802 322.733544 
15866.467802 
(19,17) 21523.644329 1904.361179 
21523.644329 
(19,20) 15846.904380 64.414788 
15846.904380 
(20,18) 21105.531108 81.856680 
21105.531108 
(20,19) 16506.979284 75.127236 
16506.979284 
(20,21) 16086.437572 97.941175 
16086.437572 
(20,22) 3207.428244 402.539421 
3207.428244 
(21,20) 15619.938636 87.731192 
15619.938636 
(21,22) 0.000000 9999.000000 
0.000000 
(21,24) 12479.009328 309.526136 
12479.009328 
(22,15) 20633.052769 12.605718 
20633.052769 
(22,20) 5459.335626 321.127055 
5459.335626 
(22,21) 0.000000 9999.000000 
0.000000 
(22,23) 9923.545694 152.956243 
9923.545694 
(23,14) 6229.128161 57.944410 
6229.128161 
(23,22) 10168.094440 168.191058 
10168.094440 
(23,24) 12237.819070 12.115623 
12237.819070 
(24,13) 9580.855105 124.389478 
9580.855105 
(24,21) 12012.510392 266.197754 
12012.510392 
(24,23) 12544.240579 13.167451 
12544.240579 
