(1,2) 23697.420423 16.091466 
23697.420423 
(1,3) 17384.265752 6.922640 
17384.265752 
(2,1) 23697.209852 16.091108 
23697.209852 
(2,6) 26414.708342 9671.628830 
26414.708342 
(3,1) 17384.476322 6.922782 
17384.476322 
(3,4) 2163.403644 9999.383305 
2163.403644 
(3,12) 16387.129028 4.144225 
16387.129028 
(4,3) 1207.630828 9999.037216 
1207.630828 
(4,5) 16026.923849 5.166955 
16026.923849 
(4,11) 13791.176308 903.133188 
13791.176308 
(5,4) 12445.649643 3.151626 
12445.649643 
(5,6) 23281.341687 298.080411 
23281.341687 
(5,9) 13784.192987 777.818914 
13784.192987 
(6,2) 26414.497771 9671.320595 
26414.497771 
(6,5) 23511.965651 309.907294 
23511.965651 
(6,8) 15700.000000 508.473020 
15700.000000 
(7,8) 17901.210035 15.220149 
17901.210035 
(7,18) 12803.066720 12.866310 
12803.066720 
(8,6) 15930.413393 538.865986 
15930.413393 
(8,7) 17842.649462 15.061028 
17842.649462 
(8,9) 14211.116377 1514.846039 
14211.116377 
(8,16) 6123.026901 31.020642 
6123.026901 
(9,5) 9972.294817 1821.186318 
9972.294817 
(9,8) 14363.436665 1580.408874 
14363.436665 
(9,10) 30395.309364 166.880583 
30395.309364 
(10,9) 26835.731482 102.576069 
26835.731482 
(10,11) 30150.069004 66.974710 
30150.069004 
(10,15) 33886.371415 41.601150 
33886.371415 
(10,16) 6266.734265 1707.976214 
6266.734265 
(10,17) 5460.058361 1096.571066 
5460.058361 
(11,4) 16516.677698 1851.620722 
16516.677698 
(11,10) 26920.934849 44.393250 
26920.934849 
(11,12) 5175.919724 11852.903586 
5175.919724 
(11,14) 14035.454575 45.173835 
14035.454575 
(12,3) 17343.112414 4.180941 
17343.112414 
(12,11) 4329.632512 10906.697545 
4329.632512 
(12,13) 12142.512357 3.347820 
12142.512357 
(13,12) 12352.208531 3.372476 
12352.208531 
(13,24) 5192.255503 10956.539175 
5192.255503 
(14,11) 14478.109023 50.618979 
14478.109023 
(14,15) 3126.063382 55.240754 
3126.063382 
(14,23) 10159.940426 14.868380 
10159.940426 
(15,10) 33455.862364 39.826158 
33455.862364 
(15,14) 3024.485851 70.544047 
3024.485851 
(15,19) 19762.523802 27.405607 
19762.523802 
(15,22) 25132.394023 24.145176 
25132.394023 
(16,8) 6142.559433 31.354259 
6142.559433 
(16,10) 6265.766167 1706.923523 
6265.766167 
(16,17) 18125.860147 694.562312 
18125.860147 
(16,18) 13234.450176 3.092033 
13234.450176 
(17,10) 5461.091782 1097.395432 
5461.091782 
(17,16) 18102.985154 691.072846 
18102.985154 
(17,19) 18464.768364 1032.398465 
18464.768364 
(18,7) 12861.627293 13.066486 
12861.627293 
(18,16) 13275.889603 3.093191 
13275.889603 
(18,20) -0.000000 9999.000000 
-0.000000 
(19,15) 19713.767013 27.165649 
19713.767013 
(19,17) 18442.926793 1027.531765 
18442.926793 
(19,20) 12464.811086 27.126415 
12464.811086 
(20,18) 0.000000 9999.000000 
0.000000 
(20,19) 12394.212726 26.606915 
12394.212726 
(20,21) 9727.448613 18.293239 
9727.448613 
(20,22) 1288.156956 31.209847 
1288.156956 
(21,20) 9564.797104 17.491417 
9564.797104 
(21,22) 12707.557630 12.456654 
12707.557630 
(21,24) 8208.384887 60.382296 
8208.384887 
(22,15) 24549.064230 22.249331 
24549.064230 
(22,20) 1280.210106 30.569036 
1280.210106 
(22,21) 12892.154519 13.077618 
12892.154519 
(22,23) 7814.352048 61.274738 
7814.352048 
(23,14) 10704.172405 17.390986 
10704.172405 
(23,22) 7407.672293 50.250695 
7407.672293 
(23,24) 4860.420461 12.184804 
4860.420461 
(24,13) 5301.951677 11911.858212 
5301.951677 
(24,21) 7861.136489 51.271236 
7861.136489 
(24,23) 4997.972685 13.387616 
4997.972685 
