(1,2) 2302.673744 6.000900 
2302.673744 
(1,3) 10905.520099 4.452622 
10905.520099 
(2,1) 2305.520099 6.000904 
2305.520099 
(2,6) 1694.479901 37.295711 
1694.479901 
(3,1) 10902.673744 4.452149 
10902.673744 
(3,4) 13305.520099 4.219394 
13305.520099 
(3,12) 0.000000 9999.000000 
0.000000 
(4,3) 13302.673744 4.219207 
13302.673744 
(4,5) 14993.021311 4.425481 
14993.021311 
(4,11) 12512.498788 613.894025 
12512.498788 
(5,4) 15056.206729 4.466627 
15056.206729 
(5,6) 10904.773127 18.154698 
10904.773127 
(5,9) 6188.248184 609.985350 
6188.248184 
(6,2) 1697.326256 37.513257 
1697.326256 
(6,5) 10951.389489 18.398292 
10951.389489 
(6,8) 14799.253028 401.868219 
14799.253028 
(7,8) 5604.805623 255.874785 
5604.805623 
(7,18) 12089.166021 2.341748 
12089.166021 
(8,6) 14848.715745 407.240908 
14848.715745 
(8,7) 5589.166021 253.064098 
5589.166021 
(8,9) 8363.868670 190.554412 
8363.868670 
(8,16) 10746.218337 251.874357 
10746.218337 
(9,5) 6204.817240 616.490821 
6204.817240 
(9,8) 8367.308415 190.851616 
8367.308415 
(9,10) 23752.116854 64.109751 
23752.116854 
(10,9) 23872.125655 65.354183 
23872.125655 
(10,11) 30013.717627 65.861189 
30013.717627 
(10,15) 28175.775595 23.016384 
28175.775595 
(10,16) 14861.941558 56.689727 
14861.941558 
(10,17) 6837.332116 75.487602 
6837.332116 
(11,4) 12546.467015 620.522060 
12546.467015 
(11,10) 29886.308342 64.834319 
29886.308342 
(11,12) 20103.913287 259.194407 
20103.913287 
(11,14) 11592.150833 23.158940 
11592.150833 
(12,3) 0.000000 9999.000000 
0.000000 
(12,11) 20102.584459 259.127471 
20102.584459 
(12,13) 12197.415541 3.354153 
12197.415541 
(13,12) 12296.086713 3.365753 
12296.086713 
(13,24) 5797.415541 289.046718 
5797.415541 
(14,11) 11600.038604 23.211139 
11600.038604 
(14,15) 7664.752495 64.915924 
7664.752495 
(14,23) 9630.318902 12.773297 
9630.318902 
(15,10) 28260.804019 23.222723 
28260.804019 
(15,14) 7695.215970 65.874159 
7695.215970 
(15,19) 18411.731412 21.386476 
18411.731412 
(15,22) 20725.876113 12.779743 
20725.876113 
(16,8) 10776.601706 254.678226 
10776.601706 
(16,10) 14910.784481 57.385797 
14910.784481 
(16,17) 8984.657167 43.809059 
8984.657167 
(16,18) 20504.244650 3.530269 
20504.244650 
(17,10) 6850.878854 76.024043 
6850.878854 
(17,16) 8969.705517 43.531450 
8969.705517 
(17,19) 7579.415630 31.253150 
7579.415630 
(18,7) 12104.805623 2.343519 
12104.805623 
(18,16) 20598.422593 3.540079 
20598.422593 
(18,20) 17867.031432 7.261066 
17867.031432 
(19,15) 18462.981584 21.592052 
18462.981584 
(19,17) 7578.010717 31.231467 
7578.010717 
(19,20) 11879.358012 23.078200 
11879.358012 
(20,18) 17876.848978 7.268239 
17876.848978 
(20,19) 11929.203271 23.400426 
11929.203271 
(20,21) 4778.107078 30.571109 
4778.107078 
(20,22) 6232.632361 32.282519 
6232.632361 
(21,20) 4756.271034 30.125017 
4756.271034 
(21,22) 8270.755151 3.876398 
8270.755151 
(21,24) 8364.983599 64.888143 
8364.983599 
(22,15) 20690.117841 12.712426 
20690.117841 
(22,20) 6214.131209 31.960013 
6214.131209 
(22,21) 8287.471108 3.891614 
8287.471108 
(22,23) 7972.549819 66.055486 
7972.549819 
(23,14) 9607.743198 12.691320 
9607.743198 
(23,22) 7935.006352 64.894817 
7935.006352 
(23,24) 6772.355316 2.948714 
6772.355316 
(24,13) 5796.086713 288.785465 
5796.086713 
(24,21) 8326.431598 63.755101 
8326.431598 
(24,23) 6712.236145 2.915473 
6712.236145 
