(1,2) 7118.850347 8.190892 
7118.850347 
(1,3) 9383.222247 4.248061 
9383.222247 
(2,1) 7114.513124 8.185557 
7114.513124 
(2,6) 8979.157973 134.072646 
8979.157973 
(3,1) 9387.559471 4.248520 
9387.559471 
(3,4) 17227.497306 134.041923 
17227.497306 
(3,12) 14994.148961 4.101092 
14994.148961 
(4,3) 17219.328212 133.795440 
17219.328212 
(4,5) 17388.693184 6.388428 
17388.693184 
(4,11) 10099.111748 263.979022 
10099.111748 
(5,4) 17458.525971 6.459350 
17458.525971 
(5,6) 6749.466609 6.077361 
6749.466609 
(5,9) 18352.636400 141.136659 
18352.636400 
(6,2) 8974.820749 133.823442 
8974.820749 
(6,5) 6797.778367 6.137480 
6797.778367 
(6,8) 12254.907131 190.017297 
12254.907131 
(7,8) 10135.343510 196.845449 
10135.343510 
(7,18) 13287.620230 2.498780 
13287.620230 
(8,6) 12298.881666 192.730522 
12298.881666 
(8,7) 10095.926689 193.847499 
10095.926689 
(8,9) 6070.667012 60.110061 
6070.667012 
(8,16) 4696.619890 199.924607 
4696.619890 
(9,5) 18374.157429 141.776340 
18374.157429 
(9,8) 6056.871041 59.656099 
6056.871041 
(9,10) 30114.996953 160.918323 
30114.996953 
(10,9) 30222.722012 163.190049 
30222.722012 
(10,11) 27063.545643 45.234632 
27063.545643 
(10,15) 26951.914001 20.246960 
26951.914001 
(10,16) 16743.030534 88.871139 
16743.030534 
(10,17) 7729.745446 118.239709 
7729.745446 
(11,4) 10121.109866 266.234120 
10121.109866 
(11,10) 26924.044146 44.411452 
26924.044146 
(11,12) 7201.292032 404.044720 
7201.292032 
(11,14) 12841.143744 32.848963 
12841.143744 
(12,3) 15006.655278 4.101430 
15006.655278 
(12,11) 7192.581634 402.122375 
7192.581634 
(12,13) 13365.763074 3.510617 
13365.763074 
(13,12) 13469.558993 3.526664 
13469.558993 
(13,24) 4700.763087 423.633806 
4700.763087 
(14,11) 12832.350764 32.770027 
12832.350764 
(14,15) 1131.912174 97.219743 
1131.912174 
(14,23) 11250.088180 20.338940 
11250.088180 
(15,10) 27018.580853 20.388446 
27018.580853 
(15,14) 1135.638457 98.440112 
1135.638457 
(15,19) 5637.736419 92.544763 
5637.736419 
(15,22) 21535.997197 14.400813 
21535.997197 
(16,8) 4714.973573 202.989458 
4714.973573 
(16,10) 16784.360719 89.712265 
16784.360719 
(16,17) 8364.567900 33.407864 
8364.567900 
(16,18) 20879.336985 3.570149 
20879.336985 
(17,10) 7768.974964 120.494730 
7768.974964 
(17,16) 8351.280025 33.208762 
8351.280025 
(17,19) 7279.745011 26.893985 
7279.745011 
(18,7) 13327.037051 2.504725 
13327.037051 
(18,16) 20952.308729 3.578161 
20952.308729 
(18,20) 19268.976085 8.411482 
19268.976085 
(19,15) 5627.263567 91.881249 
5627.263567 
(19,17) 7305.686654 27.250728 
7305.686654 
(19,20) 11052.481443 18.295676 
11052.481443 
(20,18) 19281.364651 8.422838 
19281.364651 
(20,19) 11067.950235 18.375875 
11067.950235 
(20,21) 13997.893007 58.713423 
13997.893007 
(20,22) 7651.959064 66.985339 
7651.959064 
(21,20) 13949.011038 57.980950 
13949.011038 
(21,22) 11183.430726 8.272556 
11183.430726 
(21,24) 8329.306836 63.839063 
8329.306836 
(22,15) 21516.863184 14.360350 
21516.863184 
(22,20) 7628.698391 66.235068 
7628.698391 
(22,21) 11183.844177 8.273484 
11183.844177 
(22,23) 7898.469970 63.780990 
7898.469970 
(23,14) 11237.568917 20.266332 
11237.568917 
(23,22) 7856.488735 62.520117 
7856.488735 
(23,24) 10883.635368 8.328087 
10883.635368 
(24,13) 4704.559006 424.990885 
4704.559006 
(24,21) 8280.011415 62.411541 
8280.011415 
(24,23) 10829.134870 8.202283 
10829.134870 
