(1,2) 4962.477981 6.001213 
4962.477981 
(1,3) 11374.226117 4.535596 
11374.226117 
(2,1) 4974.226117 6.001224 
4974.226117 
(2,6) 5142.475311 18.886111 
5142.475311 
(3,1) 11362.477981 4.533387 
11362.477981 
(3,4) 11031.564603 4.103668 
11031.564603 
(3,12) 16425.960086 4.145597 
16425.960086 
(4,3) 10964.777377 4.101181 
10964.777377 
(4,5) 10069.581684 15.839978 
10069.581684 
(4,11) 7161.982919 71.250644 
7161.982919 
(5,4) 10089.060980 15.947381 
10089.060980 
(5,6) 8595.999851 9.465371 
8595.999851 
(5,9) 12091.750443 30.652987 
12091.750443 
(6,2) 5154.223448 19.013439 
5154.223448 
(6,5) 8605.467331 9.489489 
8605.467331 
(6,8) 7420.306552 27.272319 
7420.306552 
(7,8) 0.000000 9999.000000 
0.000000 
(7,18) 12100.000000 2.342974 
12100.000000 
(8,6) 7441.522168 27.562588 
7441.522168 
(8,7) 0.000000 9999.000000 
0.000000 
(8,9) 5994.118243 57.629992 
5994.118243 
(8,16) 5526.188309 285.796230 
5526.188309 
(9,5) 12101.762260 30.738054 
12101.762260 
(9,8) 6000.000000 57.817216 
6000.000000 
(9,10) 23485.868687 61.415452 
23485.868687 
(10,9) 23601.762260 62.577044 
23601.762260 
(10,11) 25610.221553 37.263732 
25610.221553 
(10,15) 37881.537816 61.599920 
37881.537816 
(10,16) 4419.958687 218.724660 
4419.958687 
(10,17) 8773.491378 190.964615 
8773.491378 
(11,4) 7175.716397 71.752572 
7175.716397 
(11,10) 25489.119194 36.657789 
25489.119194 
(11,12) 14352.564840 71.773321 
14352.564840 
(11,14) 8627.258146 9.877688 
8627.258146 
(12,3) 16480.999175 4.147558 
16480.999175 
(12,11) 14318.292680 71.147333 
14318.292680 
(12,13) 22571.565665 7.153046 
22571.565665 
(13,12) 22692.332594 7.242644 
22692.332594 
(13,24) 18371.565665 105.726976 
18371.565665 
(14,11) 8654.161424 9.951348 
8654.161424 
(14,15) 8327.258146 88.475270 
8327.258146 
(14,23) 0.000000 9999.000000 
0.000000 
(15,10) 37989.107843 62.234151 
37989.107843 
(15,14) 8354.161424 89.559260 
8354.161424 
(15,19) 26555.123970 82.563397 
26555.123970 
(15,22) 26206.382655 27.997938 
26206.382655 
(16,8) 5541.522168 288.925796 
5541.522168 
(16,10) 4430.275392 220.736461 
4430.275392 
(16,17) 7989.642236 28.144099 
7989.642236 
(16,18) 21553.560017 3.647437 
21553.560017 
(17,10) 8792.600579 192.563863 
8792.600579 
(17,16) 7958.363763 27.737093 
7958.363763 
(17,19) 8443.870564 47.060501 
8443.870564 
(18,7) 12100.000000 2.342974 
12100.000000 
(18,16) 21610.489055 3.654304 
21610.489055 
(18,20) 27991.731297 5.227861 
27991.731297 
(19,15) 26614.855057 83.281671 
26614.855057 
(19,17) 8431.701292 46.801298 
8431.701292 
(19,20) 15923.422678 65.590142 
15923.422678 
(20,18) 27948.660335 5.220321 
27948.660335 
(20,19) 15970.984493 66.329302 
15970.984493 
(20,21) 12156.397108 35.984033 
12156.397108 
(20,22) 8964.349696 121.754489 
8964.349696 
(21,20) 12091.637167 35.350193 
12091.637167 
(21,22) 6431.362715 86.210665 
6431.362715 
(21,24) 10525.034393 158.110490 
10525.034393 
(22,15) 26181.124874 27.901705 
26181.124874 
(22,20) 8933.600490 120.160763 
8933.600490 
(22,21) 6405.887880 84.884327 
6405.887880 
(22,23) 15903.399942 65.408877 
15903.399942 
(23,14) 0.000000 9999.000000 
0.000000 
(23,22) 15821.918119 64.159991 
15821.918119 
(23,24) 10367.298202 7.210014 
10367.298202 
(24,13) 18392.332594 106.187719 
18392.332594 
(24,21) 10485.749286 155.807599 
10485.749286 
(24,23) 10285.816379 7.048143 
10285.816379 
