(1,2) 5164.428593 6.001423 
5164.428593 
(1,3) 7841.104881 4.120965 
7841.104881 
(2,1) 5153.327140 6.001411 
5153.327140 
(2,6) 4758.895119 15.183951 
4758.895119 
(3,1) 7852.206333 4.121651 
7852.206333 
(3,4) 13107.564268 4.206627 
13107.564268 
(3,12) 9670.397084 66.837925 
9670.397084 
(4,3) 13122.603418 4.207576 
13122.603418 
(4,5) 17581.481865 6.586307 
17581.481865 
(4,11) 1172.677876 178.168145 
1172.677876 
(5,4) 17694.502324 6.705379 
17694.502324 
(5,6) 8324.419684 8.806732 
8324.419684 
(5,9) 16357.062181 90.901840 
16357.062181 
(6,2) 4747.793667 15.089255 
4747.793667 
(6,5) 8384.918818 8.947998 
8384.918818 
(6,8) 12483.314803 204.431175 
12483.314803 
(7,8) 19188.363512 19.132390 
19188.363512 
(7,18) 24415.233314 7.685432 
24415.233314 
(8,6) 12532.712485 207.654403 
12532.712485 
(8,7) 19115.233314 18.887859 
19115.233314 
(8,9) 7465.238676 124.591941 
7465.238676 
(8,16) 3002.839065 31.349561 
3002.839065 
(9,5) 16409.583506 92.010463 
16409.583506 
(9,8) 7433.086531 122.630507 
7433.086531 
(9,10) 19638.852660 31.560491 
19638.852660 
(10,9) 19759.221840 32.267160 
19759.221840 
(10,11) 27664.606305 48.929801 
27664.606305 
(10,15) 19442.057359 116.161504 
19442.057359 
(10,16) 18227.358315 123.211645 
18227.358315 
(10,17) 2501.885608 218.633031 
2501.885608 
(11,4) 1174.696567 179.356716 
1174.696567 
(11,10) 27546.546662 48.184700 
27546.546662 
(11,12) 16035.212443 108.477983 
16035.212443 
(11,14) 14413.030145 49.786407 
14413.030145 
(12,3) 9666.459387 66.735640 
9666.459387 
(12,11) 15981.659173 107.115831 
15981.659173 
(12,13) 13352.205001 71.735418 
13352.205001 
(13,12) 13394.714033 72.614931 
13394.714033 
(13,24) 7999.267240 62.502209 
7999.267240 
(14,11) 14450.542463 50.264938 
14450.542463 
(14,15) 8913.030145 114.559798 
8913.030145 
(14,23) 6000.000000 182.143790 
6000.000000 
(15,10) 19497.289903 117.418671 
19497.289903 
(15,14) 8944.523736 116.116513 
8944.523736 
(15,19) 16542.735213 14.982550 
16542.735213 
(15,22) 21342.463831 13.996490 
21342.463831 
(16,8) 3011.258695 31.646331 
3011.258695 
(16,10) 18305.669936 125.273599 
18305.669936 
(16,17) 10984.864529 95.420713 
10984.864529 
(16,18) 27640.569845 4.751093 
27640.569845 
(17,10) 2506.770266 220.282807 
2506.770266 
(17,16) 10972.778128 95.010236 
10972.778128 
(17,19) 9920.451607 87.853009 
9920.451607 
(18,7) 24488.363512 7.753857 
24488.363512 
(18,16) 27739.387498 4.776269 
27739.387498 
(18,20) 21375.845817 10.681027 
21375.845817 
(19,15) 16552.943688 15.012155 
16552.943688 
(19,17) 9913.249863 87.603980 
9913.249863 
(19,20) 11010.216672 18.078260 
11010.216672 
(20,18) 21447.793667 10.771431 
21447.793667 
(20,19) 11013.223403 18.093644 
11013.223403 
(20,21) 8272.460219 12.429975 
8272.460219 
(20,22) 5290.162195 19.160363 
5290.162195 
(21,20) 8251.552898 12.365218 
8251.552898 
(21,22) 10421.688497 6.730388 
10421.688497 
(21,24) 1538.549462 278.463193 
1538.549462 
(22,15) 21318.981492 13.948174 
21318.981492 
(22,20) 5286.024096 19.116108 
5286.024096 
(22,21) 10406.383555 6.702661 
10406.383555 
(22,23) 11409.245537 264.266890 
11409.245537 
(23,14) 6006.018727 182.859665 
6006.018727 
(23,22) 11366.320156 260.372096 
11366.320156 
(23,24) 10492.697482 7.466699 
10492.697482 
(24,13) 7941.776272 60.838425 
7941.776272 
(24,21) 1532.947084 274.472836 
1532.947084 
(24,23) 10455.790828 7.390190 
10455.790828 
