(1,2) 3048.788373 6.000173 
3048.788373 
(1,3) 10551.211627 4.396606 
10551.211627 
(2,1) 3004.382436 6.000163 
3004.382436 
(2,6) 2048.788373 32.262802 
2048.788373 
(3,1) 10595.617564 4.403325 
10595.617564 
(3,4) 23534.479051 6.147417 
23534.479051 
(3,12) 14584.383955 4.090486 
14584.383955 
(4,3) 23560.876147 6.157068 
23560.876147 
(4,5) 23537.817041 16.733501 
23537.817041 
(4,11) 10596.662010 318.700093 
10596.662010 
(5,4) 23640.130810 16.991350 
23640.130810 
(5,6) 8095.796128 8.300038 
8095.796128 
(5,9) 21971.343324 284.645405 
21971.343324 
(6,2) 2004.382436 29.974939 
2004.382436 
(6,5) 8153.213090 8.423329 
8153.213090 
(6,8) 7515.262089 768.350706 
7515.262089 
(7,8) 20697.318425 24.837519 
20697.318425 
(7,18) 22715.187655 6.259762 
22715.187655 
(8,6) 7528.273115 773.671575 
7528.273115 
(8,7) 19615.187655 20.616387 
19615.187655 
(8,9) 10708.771232 495.219057 
10708.771232 
(8,16) 2482.700294 31.296863 
2482.700294 
(9,5) 22016.240131 286.938159 
22016.240131 
(9,8) 10690.995353 492.005339 
10690.995353 
(9,10) 21688.717465 45.485107 
21688.717465 
(10,9) 21815.838393 46.489945 
21815.838393 
(10,11) 23749.791927 28.861652 
23749.791927 
(10,15) 25245.055400 16.966526 
25245.055400 
(10,16) 10713.526040 501.916123 
10713.526040 
(10,17) 8536.718924 171.999008 
8536.718924 
(11,4) 10620.745338 321.552527 
10620.745338 
(11,10) 23575.926763 28.170551 
23575.926763 
(11,12) 7369.795280 331.769219 
7369.795280 
(11,14) 15210.754708 60.796090 
15210.754708 
(12,3) 14602.392795 4.090934 
14602.392795 
(12,11) 7353.732868 328.938444 
7353.732868 
(12,13) 13419.455042 3.518871 
13419.455042 
(13,12) 13521.401471 3.534819 
13521.401471 
(13,24) 5162.999708 443.815365 
5162.999708 
(14,11) 15177.035283 60.294136 
15177.035283 
(14,15) 7860.378715 71.271012 
7860.378715 
(14,23) 15214.089401 58.649228 
15214.089401 
(15,10) 25375.068792 17.194190 
25375.068792 
(15,14) 7903.334693 72.731582 
7903.334693 
(15,19) 20175.066690 29.508179 
20175.066690 
(15,22) 11106.953303 423.253403 
11106.953303 
(16,8) 1431.356428 36.610292 
1431.356428 
(16,10) 10753.416689 509.373390 
10753.416689 
(16,17) 15461.659157 368.681278 
15461.659157 
(16,18) 27189.241317 4.639493 
27189.241317 
(17,10) 8567.800975 174.400555 
8567.800975 
(17,16) 15407.071704 363.530357 
15407.071704 
(17,19) 10909.469689 127.557976 
10909.469689 
(18,7) 23797.318425 7.131355 
23797.318425 
(18,16) 26232.375552 4.420600 
26232.375552 
(18,20) 14867.200596 33.648943 
14867.200596 
(19,15) 20225.780401 29.775718 
20225.780401 
(19,17) 10885.964287 126.479366 
10885.964287 
(19,20) 7689.102403 460.522500 
7689.102403 
(20,18) 14892.465601 33.850996 
14892.465601 
(20,19) 7716.310712 467.018598 
7716.310712 
(20,21) 2514.121542 197.618905 
2514.121542 
(20,22) 9901.836047 178.804634 
9901.836047 
(21,20) 2505.051967 194.868807 
2505.051967 
(21,22) 14295.801166 18.748595 
14295.801166 
(21,24) 12623.890026 324.010977 
12623.890026 
(22,15) 11129.208961 426.631887 
11129.208961 
(22,20) 9863.378937 176.120208 
9863.378937 
(22,21) 14309.768484 18.814146 
14309.768484 
(22,23) 1278.470109 351.403309 
1278.470109 
(23,14) 15137.413998 57.555851 
15137.413998 
(23,22) 1276.235976 348.981310 
1276.235976 
(23,24) 10981.398091 8.558539 
10981.398091 
(24,13) 5164.946137 444.478974 
5164.946137 
(24,21) 12600.853133 321.674177 
12600.853133 
(24,23) 10902.488555 8.372049 
10902.488555 
