(1,2) 4844.842725 6.095260 
4844.842725 
(1,3) 9840.838720 838.084040 
9840.838720 
(2,1) 4840.838720 6.094945 
4840.838720 
(2,6) 4123.431499 549.692532 
4123.431499 
(3,1) 9844.842725 839.442345 
9844.842725 
(3,4) 4227.309540 4.002235 
4227.309540 
(3,12) 11213.529181 4.031623 
11213.529181 
(4,3) 4140.009108 4.002056 
4140.009108 
(4,5) 0.000000 9999.000000 
0.000000 
(4,11) 9965.520206 250.597254 
9965.520206 
(5,4) 0.000000 9999.000000 
0.000000 
(5,6) 9058.920238 10.741240 
9058.920238 
(5,9) 10214.651629 18.063979 
10214.651629 
(6,2) 4119.427494 547.579945 
4119.427494 
(6,5) 9114.651629 10.908669 
9114.651629 
(6,8) 11619.049177 153.928785 
11619.049177 
(7,8) 9252.920492 706.453691 
9252.920492 
(7,18) 16535.772746 3.196239 
16535.772746 
(8,6) 11670.776563 156.652421 
11670.776563 
(8,7) 9228.897553 699.176711 
9228.897553 
(8,9) 1431.099576 185.669439 
1431.099576 
(8,16) 13913.230646 698.689754 
13913.230646 
(9,5) 10158.920238 17.781195 
10158.920238 
(9,8) 1423.079022 181.764286 
1423.079022 
(9,10) 13417.033081 973.457458 
13417.033081 
(10,9) 13453.281136 983.987359 
13453.281136 
(10,11) 36512.616146 138.300896 
36512.616146 
(10,15) 26061.867423 18.456209 
26061.867423 
(10,16) 19767.183781 168.893280 
19767.183781 
(10,17) 1356.290483 932.094245 
1356.290483 
(11,4) 9978.219774 251.846450 
9978.219774 
(11,10) 36362.704758 136.125145 
36362.704758 
(11,12) 19955.818354 251.815841 
19955.818354 
(11,14) 10807.931533 18.477238 
10807.931533 
(12,3) 11304.833617 4.032665 
11304.833617 
(12,11) 19909.752275 249.553920 
19909.752275 
(12,13) 13874.587129 3.592926 
13874.587129 
(13,12) 14019.825486 3.618145 
14019.825486 
(13,24) 11501.296020 254.010683 
11501.296020 
(14,11) 10816.785792 18.524738 
10816.785792 
(14,15) 9322.980947 136.150185 
9322.980947 
(14,23) 3740.104329 46.556159 
3740.104329 
(15,10) 26114.141959 18.556448 
26114.141959 
(15,14) 9361.526311 138.332607 
9361.526311 
(15,19) 14088.829765 106.627805 
14088.829765 
(15,22) 23240.864863 18.462689 
23240.864863 
(16,8) 13948.955646 705.841991 
13948.955646 
(16,10) 19800.654594 170.012942 
19800.654594 
(16,17) 18557.182914 762.873659 
18557.182914 
(16,18) 22742.348305 3.802532 
22742.348305 
(17,10) 1356.704579 933.223321 
1356.704579 
(17,16) 18556.594097 762.777094 
18556.594097 
(17,19) 3486.701325 814.210787 
3486.701325 
(18,7) 16559.795686 3.203206 
16559.795686 
(18,16) 22812.132935 3.812428 
22812.132935 
(18,20) 29219.478929 27.325977 
29219.478929 
(19,15) 14120.076773 107.550194 
14120.076773 
(19,17) 3486.526603 814.047997 
3486.526603 
(19,20) 11402.303162 20.193318 
11402.303162 
(20,18) 29213.286498 27.306210 
29213.286498 
(20,19) 11433.375448 20.370554 
11433.375448 
(20,21) 16365.670333 104.493083 
16365.670333 
(20,22) 8720.433147 109.556408 
8720.433147 
(21,20) 16315.636930 103.294136 
16315.636930 
(21,22) 9346.367292 5.059960 
9346.367292 
(21,24) 10665.766489 166.574409 
10665.766489 
(22,15) 23200.437755 18.355381 
23200.437755 
(22,20) 8695.346406 108.358448 
8695.346406 
(22,21) 9356.252857 5.072927 
9356.252857 
(22,23) 10140.663559 166.426435 
10140.663559 
(23,14) 3710.413224 45.220824 
3710.413224 
(23,22) 10085.035276 162.891587 
10085.035276 
(23,24) 9057.338625 5.035142 
9057.338625 
(24,13) 11546.534378 257.967447 
11546.534378 
(24,21) 10605.847521 162.929504 
10605.847521 
(24,23) 8972.019236 4.922384 
8972.019236 
